1 0
4 0
12 0
15 0
18 0
29 0
34 0
44 0
53 0
60 0
71 0
79 0
87 0
94 0
10 1
20 1
27 1
63 1
69 1
14 2
48 2
66 2
86 2
92 2
46 3
12 4
65 4
76 4
39 0
91 0
3 5
39 5
64 5
2 1
82 5
37 6
62 6
81 6
33 7
79 7
8 2
97 7
61 8
78 8
0 9
15 3
90 1
24 9
39 9
77 9
94 9
54 10
53 11
93 11
70 12
76 12
97 12
32 13
27 3
75 13
30 14
23 3
3 15
52 15
61 15
67 16
31 3
81 16
88 3
97 17
74 3
39 14
32 15
1 18
72 18
94 19
96 19
0 20
69 20
89 20
3 21
1 23
65 23
28 25
41 26
47 27
90 5
28 26
68 28
75 28
83 28
87 28
80 0
1 29
98 29
25 17
52 10
90 30
54 31
2 32
4 10
20 32
15 6
8 34
1 35
59 35
69 35
21 12
53 36
66 36
4 37
4 4
57 37
2 38
20 38
82 38
29 39
82 42
22 34
1 43
52 44
30 4
24 17
24 13
0 45
44 46
61 46
14 3
59 2
74 43
69 46
75 44
4 47
22 8
4 29
74 48
26 23
79 49
23 50
14 52
61 52
63 52
57 40
18 52
39 39
11 53
86 4
53 12
2 18
40 39
70 48
80 34
81 53
40 44
32 54
18 2
41 54
54 27
91 31
0 55
29 55
36 55
62 15
45 47
83 18
95 13
56 39
45 44
27 57
19 5
32 59
27 5
83 59
30 60
38 13
12 28
98 61
9 19
43 5
89 5
52 58
32 62
32 35
27 2
88 23
41 62
0 63
31 63
89 41
51 54
78 3
26 64
29 65
58 16
7 25
18 6
53 56
41 65
48 6
56 65
54 2
2 54
82 65
0 13
18 34
63 61
70 13
25 66
21 40
87 66
89 35
24 67
47 57
13 7
56 63
55 67
5 63
78 2
8 39
52 49
72 67
8 23
14 68
47 69
54 12
18 22
0 72
10 61
63 53
72 7
84 72
16 73
70 45
12 8
89 74
55 10
78 18
21 67
31 16
49 61
98 74
81 36
0 76
34 76
26 15
32 50
91 69
71 8
93 76
43 39
88 63
42 56
92 7
32 77
97 79
26 20
41 63
43 76
45 56
57 9
54 47
88 11
74 27
71 51
78 56
34 11
88 77
97 66
17 50
65 74
29 71
97 21
94 45
79 11
87 4
84 22
21 70
2 80
28 27
51 68
87 70
98 30
0 81
26 46
59 57
71 47
25 39
31 21
13 81
62 31
27 53
41 81
56 59
68 70
26 13
63 42
89 69
35 31
88 80
35 18
82 79
4 61
92 81
7 23
40 13
85 54
71 60
35 57
58 43
93 70
62 46
92 59
80 59
64 80
57 39
46 13
20 46
9 34
44 56
34 23
14 24
39 48
44 65
30 16
73 9
2 55
85 37
76 83
81 83
71 46
36 84
12 79
97 23
74 16
58 9
88 78
1 85
56 46
21 85
65 32
89 46
0 11
68 3
1 67
32 85
85 18
31 66
98 57
45 85
53 68
97 71
97 51
77 32
90 42
76 43
62 12
47 85
72 85
4 74
74 40
41 37
34 17
39 58
43 22
20 21
66 17
29 2
59 29
95 85
82 34
88 81
14 66
26 26
77 46
53 46
4 17
85 77
60 16
34 19
68 81
0 86
90 41
73 17
30 78
96 14
49 41
18 9
57 69
59 18
71 75
75 63
38 6
31 28
23 26
57 38
42 39
51 7
91 72
61 81
93 51
90 69
36 19
18 20
94 86
93 13
21 87
96 80
92 88
75 36
21 82
75 22
41 58
60 26
40 76
2 88
29 89
53 43
46 71
86 45
35 59
20 71
52 17
49 69
70 7
58 56
32 22
17 69
77 48
79 37
57 25
64 89
37 15
5 68
94 54
75 81
49 37
80 88
40 24
50 13
77 10
66 61
60 33
73 44
19 24
56 88
65 71
17 77
48 62
79 17
50 6
1 90
70 35
97 69
95 71
30 69
67 25
76 58
15 11
42 25
45 58
14 90
47 65
2 72
87 90
62 26
21 91
27 7
35 27
78 72
27 42
75 48
64 17
46 81
77 22
5 82
84 80
59 26
47 22
97 58
62 89
50 12
12 17
24 61
70 4
87 63
50 76
65 41
82 40
31 23
29 82
44 59
95 12
74 91
94 68
57 65
25 38
61 41
96 25
23 31
55 57
29 21
72 56
24 56
72 29
17 28
76 59
32 38
90 34
8 89
0 93
32 89
6 58
10 34
17 13
21 27
76 72
86 40
93 33
77 83
45 90
30 93
11 23
49 18
84 94
40 82
75 17
62 41
54 59
50 46
20 92
23 94
66 25
15 37
45 34
18 72
55 83
71 56
69 89
91 30
81 13
82 55
60 18
79 16
54 46
9 18
3 84
14 82
46 17
61 23
62 35
39 35
14 57
9 46
72 60
33 27
86 94
30 53
13 24
24 60
40 0
34 85
5 47
1 77
49 4
46 4
15 15
72 45
21 73
41 9
51 43
41 11
52 38
30 9
25 33
56 73
43 95
98 4
82 50
74 7
94 56
27 73
20 28
57 67
24 50
40 22
29 18
55 27
66 51
92 53
6 46
47 35
64 61
58 11
53 60
46 56
15 8
10 19
30 35
32 0
82 17
53 87
75 35
2 29
96 83
67 8
42 6
26 50
2 48
45 76
2 10
10 88
84 73
7 32
27 47
26 24
78 50
91 41
74 33
38 84
51 95
63 84
15 28
37 35
45 66
46 19
30 36
31 29
74 78
63 81
29 3
17 70
64 60
8 25
65 75
10 82
34 62
4 67
54 82
85 5
88 16
1 12
59 28
58 41
87 8
86 11
80 3
10 8
97 41
77 28
48 29
71 50
3 45
0 10
96 63
8 94
19 79
44 31
82 54
42 94
51 2
55 28
47 17
37 73
78 16
49 56
59 6
64 71
54 71
56 27
76 15
20 24
36 29
7 83
22 85
29 72
89 28
74 76
90 14
72 19
5 56
98 21
25 48
97 2
27 15
38 30
77 59
13 28
43 61
1 60
29 96
23 52
47 34
25 56
24 85
98 7
42 12
24 58
56 95
75 85
28 21
88 22
55 34
76 94
94 79
37 70
0 96
17 81
11 39
1 98
2 19
95 95
48 49
8 80
85 67
96 76
34 7
34 13
42 49
79 38
98 87
52 72
32 71
5 39
6 93
69 73
69 47
21 93
37 45
22 29
87 45
83 12
78 52
21 62
3 90
83 73
72 93
91 59
25 52
51 8
3 38
80 24
23 24
35 48
98 94
94 60
91 22
93 88
49 85
64 64
23 21
24 27
23 58
8 4
2 12
19 77
45 28
80 25
84 61
27 84
68 48
9 90
3 28
25 47
26 4
73 10
22 17
17 19
43 29
18 95
40 11
7 46
15 63
32 75
19 89
54 95
59 62
10 39
85 38
34 25
22 52
3 31
61 25
76 2
79 55
87 94
43 9
36 89
26 66
11 36
10 18
8 31
89 96
69 48
72 49
64 81
60 17
97 26
18 13
45 96
61 27
20 17
15 55
11 17
71 73
25 50
52 62
1 55
85 91
80 48
74 1
85 92
12 40
83 57
5 0
54 17
75 87
79 67
24 72
5 9
59 65
48 3
21 39
32 29
12 11
71 54
91 24
41 73
12 77
54 28
58 90
9 45
57 2
56 84
4 73
53 93
70 56
78 87
8 32
24 57
92 96
86 31
87 51
19 70
95 48
59 72
59 7
5 98
92 35
89 45
10 72
65 38
9 82
79 88
27 23
95 94
33 31
88 44
47 32
18 51
65 7
3 49
85 86
34 71
40 84
50 41
83 96
22 87
57 31
74 29
57 80
94 5
69 2
62 67
66 48
15 13
79 85
16 3
52 76
39 59
9 58
18 7
8 16
53 54
82 85
3 80
43 82
24 90
6 74
71 61
7 77
58 62
50 50
93 77
65 9
77 71
7 65
74 93
15 7
27 52
18 41
47 95
33 69
52 54
72 53
79 62
65 39
74 84
35 0
29 98
32 47
37 12
96 30
96 40
24 86
12 58
45 98
94 16
32 32
74 30
12 78
91 40
90 18
3 6
88 49
54 4
56 32
51 27
71 77
78 89
56 26
28 15
83 62
45 55
88 93
73 5
88 36
89 77
26 27
85 39
83 84
52 98
23 41
55 86
57 72
51 57
15 16
80 61
70 81
1 82
84 18
40 41
22 73
98 84
34 55
12 86
98 80
55 98
46 8
43 49
96 90
80 12
35 80
79 3
50 5
5 91
49 36
7 3
76 38
5 49
58 3
45 45
31 69
57 57
7 28
60 63
40 90
72 88
15 72
6 87
18 63
92 62
12 61
53 6
54 19
87 77
3 71
65 34
98 16
24 78
8 55
39 72
17 97
53 16
94 76
32 40
78 91
24 47
87 24
93 14
41 5
45 12
48 38
65 6
59 82
52 2
67 53
49 73
25 61
84 60
9 97
43 10
97 87
50 17
54 16
95 58
74 23
25 4
92 27
71 64
6 10
34 22
82 32
4 38
29 34
55 44
39 88
9 96
73 62
56 61
83 56
77 60
9 57
67 31
9 64
44 76
62 37
54 56
3 91
17 92
72 8
21 52
7 70
52 85
83 22
3 18
53 72
29 31
97 32
26 74
69 79
4 72
16 42
15 52
35 86
81 18
10 62
44 61
22 18
7 94
49 13
48 35
63 18
56 10
63 19
8 48
95 80
23 91
82 94
71 92
27 12
57 74
44 35
45 0
14 14
58 45
59 45
22 32
54 52
2 50
71 78
64 94
91 50
86 87
9 51
25 75
30 50
23 13
63 70
62 64
6 96
53 26
45 51
37 55
16 78
92 33
38 51
78 17
80 71
66 70
94 61
65 50
11 48
39 89
41 95
53 3
12 33
15 18
43 77
87 81
48 40
68 43
45 13
73 1
93 72
20 63
20 98
61 91
82 33
14 35
76 62
13 19
88 8
74 5
92 57
95 27
55 72
36 70
23 27
19 88
8 26
58 74
51 70
50 3
60 55
44 9
91 25
43 11
30 18
24 16
0 66
35 87
38 62
14 33
11 41
73 74
47 23
65 5
94 10
85 33
57 10
48 48
42 2
35 79
26 38
40 15
97 39
17 72
73 42
73 57
57 63
50 81
87 96
66 71
9 37
65 18
80 31
69 28
73 78
12 94
58 79
68 4
58 42
35 46
70 90
59 11
9 56
41 46
83 3
21 38
60 39
26 88
75 37
15 82
36 63
64 75
19 21
16 9
89 18
51 29
12 56
43 63
24 28
55 33
49 76
19 78
7 96
81 19
97 63
27 69
2 81
7 15
10 85
61 35
57 7
74 24
23 73
38 23
86 62
16 59
19 72
9 49
79 86
2 56
34 18
79 83
42 87
85 31
31 35
58 78
88 43
89 78
65 83
21 68
81 45
30 87
71 63
84 35
55 43
73 2
71 33
97 90
46 41
93 62
7 47
21 3
6 13
22 45
46 15
16 64
96 24
63 98
80 75
20 79
44 67
8 18
62 73
10 74
14 49
25 81
74 81
17 42
45 83
79 34
98 2
9 17
80 5
23 80
71 35
95 11
28 62
59 76
50 57
82 39
80 87
24 40
84 13
46 82
48 23
33 94
90 37
62 39
70 41
44 17
57 42
56 44
87 92
49 68
71 31
8 7
28 64
3 52
27 67
42 47
68 10
1 63
40 67
17 15
85 9
49 78
19 40
84 63
80 8
39 32
68 61
78 95
93 83
40 2
33 13
95 41
67 32
53 27
26 42
56 25
38 21
69 32
22 63
28 61
21 74
14 27
55 61
44 70
23 36
57 26
78 88
75 76
52 45
89 93
83 29
26 85
9 32
98 93
8 54
87 50
8 10
82 96
61 57
60 76
15 87
91 84
90 22
X
37 7
18 25
49 45
65 98
84 57
98 89
77 37
33 46
95 61
42 11
43 79
45 35
78 12
38 35
50 78
82 16
96 56
5 50
29 49
75 82
28 34
49 60
28 28
53 81
90 91
97 36
28 69
88 70
85 55
52 9
96 50
14 62
79 23
36 92
52 8
70 72
7 58
52 4
48 16
66 28
5 8
34 70
70 43
76 22
41 12
45 86
96 1
29 33
15 97
28 52
71 94
23 39
45 36
4 13
49 5
54 22
0 59
54 3
19 46
49 72
98 54
54 84
54 72
78 11
47 56
72 64
X
15 19
72 70
34 81
58 52
72 0
69 36
15 78
37 86
91 96
22 78
79 71
23 34
74 62
86 73
16 77
29 19
23 54
54 26
29 22
13 73
68 95
65 91
10 58
65 58
14 76
67 78
89 67
23 95
65 57
87 78
23 59
40 36
55 47
93 53
30 0
27 65
65 54
44 5
38 95
85 81
3 29
77 90
91 85
55 26
92 41
74 41
16 0
72 48
93 37
71 30
41 15
70 9
52 47
53 86
6 86
83 74
82 0
4 25
68 82
53 97
29 74
74 70
79 31
10 94
73 70
56 12
20 52
29 32
37 22
30 85
90 35
62 29
88 6
43 7
24 37
5 78
46 65
6 79
46 7
18 42
81 97
39 29
43 32
73 82
70 21
2 96
51 56
72 54
65 46
48 12
36 68
35 56
74 17
7 66
8 70
68 49
91 62
10 86
53 23
74 9
33 81
73 25
39 22
40 69
87 57
90 60
7 59
2 98
19 51
6 20
6 5
81 33
91 65
97 72
98 32
64 63
28 3
43 91
65 44
90 86
X
0 60
51 80
92 54
54 88
66 58
57 86
14 60
97 54
97 85
59 73
47 67
69 64
13 62
0 51
46 80
53 92
33 21
61 40
86 35
87 5
4 39
11 57
27 86
29 73
44 71
38 81
1 47
20 81
66 9
59 22
32 88
72 63
11 87
60 78
75 29
82 14
49 63
67 37
64 18
59 10
96 72
45 52
88 34
50 27
32 74
47 64
53 66
25 97
34 47
82 95
34 63
22 35
4 1
2 28
25 77
26 67
60 66
82 68
67 43
78 68
69 71
73 36
95 36
35 84
95 0
39 79
47 86
45 71
36 61
23 42
1 52
21 8
14 73
92 3
X
53 69
49 96
6 50
64 82
32 24
58 69
61 11
5 32
27 6
41 55
34 37
58 39
14 58
48 55
51 91
47 33
61 48
78 19
89 71
65 42
89 1
46 58
30 57
0 82
3 33
64 25
30 2
14 25
6 34
21 41
40 45
20 40
93 2
65 53
65 40
53 78
81 0
50 96
46 88
35 72
X
6 28
12 72
29 83
6 67
66 57
98 85
64 55
58 10
98 86
70 28
47 88
5 2
76 42
5 14
79 28
68 32
93 54
58 2
89 36
85 50
84 86
57 54
77 79
23 16
86 77
3 50
28 51
94 34
73 53
97 45
X
44 6
59 68
6 49
20 54
16 41
33 43
39 65
37 53
28 67
78 55
75 0
23 17
25 49
81 8
10 14
70 24
97 55
30 42
69 98
53 83
46 91
14 61
39 95
35 51
58 93
54 64
67 48
54 54
77 40
4 35
38 25
27 29
75 62
83 10
14 26
56 23
94 78
98 15
12 62
10 47
43 64
82 70
6 16
50 4
41 0
89 70
29 6
12 16
56 72
40 78
53 2
16 90
55 69
26 77
54 18
34 40
7 87
31 33
38 44
49 88
70 93
46 31
95 42
14 77
55 38
62 72
42 62
47 82
23 28
41 7
14 93
13 54
16 76
53 50
49 35
82 69
20 57
39 71
18 16
84 85
91 42
57 52
8 87
47 18
22 6
96 27
78 61
65 12
34 92
2 64
44 15
48 72
62 40
78 4
38 76
46 39
6 53
79 72
23 44
88 7
48 7
66 95
35 28
38 28
61 0
66 32
46 48
87 15
70 89
20 78
72 36
97 46
94 25
5 3
50 53
79 46
39 1
91 52
37 82
37 98
20 29
4 87
26 34
80 28
58 17
12 64
17 18
83 39
6 15
42 16
94 94
78 45
54 73
26 3
61 10
64 78
70 66
19 92
72 22
5 67
90 82
52 7
7 51
49 87
91 18
5 29
2 23
8 28
22 10
13 25
71 72
53 48
53 22
10 76
27 27
58 92
5 18
75 86
48 63
26 18
7 74
36 85
33 19
60 72
24 46
34 87
84 62
73 54
24 88
73 85
24 82
82 84
92 4
92 66
93 56
11 92
80 96
84 56
6 89
74 35
63 72
92 37
3 53
98 0
37 85
79 73
76 1
4 77
57 56
46 75
16 19
70 10
37 28
38 47
54 61
22 31
52 30
80 69
22 33
53 47
88 67
75 23
18 55
51 92
83 20
7 91
36 81
84 25
14 72
91 37
8 74
88 27
42 45
98 62
81 17
82 82
14 94
58 81
71 95
9 98
94 39
72 10
31 41
64 6
35 9
4 55
77 73
15 74
14 85
12 67
96 41
7 21
16 11
79 19
20 94
21 25
85 43
5 21
24 42
66 5
55 48
36 31
7 68
28 19
58 22
5 64
61 64
72 68
72 42
11 88
86 19
62 56
87 56
13 11
45 39
30 5
14 15
23 65
53 91
11 46
21 95
64 95
11 1
44 91
23 83
44 78
43 25
29 5
5 94
72 37
39 80
8 64
89 37
75 52
52 61
2 89
72 59
48 78
37 62
74 4
16 16
53 5
75 92
41 69
44 62
25 32
79 69
79 9
12 45
41 6
69 78
63 64
13 34
32 98
60 57
39 96
4 32
53 57
94 14
77 61
18 40
42 80
60 92
63 6
38 49
98 26
97 8
94 7
75 98
70 38
30 67
47 39
50 49
74 95
76 67
86 21
98 24
59 90
12 38
10 55
21 33
49 93
3 1
28 59
0 12
52 48
96 75
60 3
24 48
50 21
65 28
43 36
95 24
19 18
2 73
22 72
37 52
4 83
96 15
56 82
6 64
24 12
76 41
56 86
97 10
56 45
11 49
90 61
46 60
54 62
30 6
65 94
77 52
87 83
81 78
96 43
61 56
8 68
11 18
75 1
64 29
41 36
22 94
49 74
27 87
90 72
8 65
97 24
80 2
62 36
X
95 87
46 47
56 51
66 52
61 90
69 58
69 41
7 36
25 62
24 35
92 67
39 2
22 16
33 92
5 52
88 56
86 52
29 40
92 21
84 91
83 5
2 61
77 36
64 27
7 6
21 13
61 1
88 35
43 6
13 63
69 56
15 51
86 61
91 21
27 46
62 70
86 82
40 18
56 38
89 14
44 40
88 24
41 40
92 82
3 51
48 18
15 1
4 65
96 21
13 94
42 58
83 17
7 60
75 77
11 15
3 87
46 11
30 77
54 36
72 95
98 14
47 89
77 68
45 21
4 82
50 30
58 96
66 20
74 19
9 81
14 74
73 51
20 3
65 63
80 23
59 53
5 26
40 14
38 94
60 82
66 65
90 45
76 61
69 37
11 28
51 62
2 94
78 92
61 83
6 38
91 7
36 79
3 54
97 1
91 66
16 84
72 86
71 48
60 59
3 11
34 28
89 91
92 23
8 44
7 37
37 49
15 20
27 33
37 58
86 88
93 4
70 71
74 56
95 76
7 27
84 88
30 17
31 67
20 25
20 93
0 47
73 27
98 48
33 78
27 59
22 7
40 20
55 21
86 34
93 80
57 64
51 76
96 42
4 85
35 69
5 6
5 17
54 50
50 63
90 96
22 62
67 61
52 19
81 56
14 86
82 89
83 33
66 46
7 16
5 13
91 68
84 50
24 89
56 98
95 32
57 27
45 22
8 92
42 75
40 95
96 77
6 77
84 7
83 50
12 23
47 77
84 12
43 80
43 92
39 6
32 14
84 66
37 59
92 85
53 21
55 90
57 6
31 70
31 55
22 14
90 71
85 72
23 45
4 45
19 19
20 13
63 15
11 73
95 46
48 57
54 25
47 62
51 89
96 38
83 47
39 27
6 32
63 17
31 50
53 63
24 19
76 86
89 13
48 28
18 91
16 95
1 93
93 92
92 16
82 92
77 65
39 30
97 27
48 74
49 38
9 50
9 23
57 60
12 73
78 24
8 71
52 29
92 38
64 7
30 81
89 83
44 29
75 59
60 88
78 13
50 18
67 2
97 0
40 83
21 63
42 69
43 73
59 46
89 90
94 62
51 58
44 53
96 55
39 34
9 14
54 60
11 30
55 63
81 46
9 8
21 16
89 63
55 55
43 14
16 71
77 16
14 64
6 29
43 23
12 76
72 26
51 63
37 81
54 43
64 48
97 82
21 14
3 59
64 65
8 11
51 90
82 46
84 68
28 32
89 22
9 69
68 56
35 32
63 54
5 5
81 79
88 96
17 9
23 78
7 61
34 51
98 18
49 27
62 66
72 27
13 96
86 13
51 61
52 63
26 79
12 91
17 78
21 42
40 50
69 95
50 29
73 93
55 40
47 40
35 71
1 73
11 43
68 63
72 20
35 76
64 43
20 76
57 5
69 23
38 73
60 73
92 45
25 90
39 64
40 79
92 69
14 20
32 78
38 32
46 49
78 66
36 57
57 84
93 60
62 91
95 15
62 10
47 15
69 61
9 77
67 82
1 69
45 27
78 28
35 50
39 67
64 3
60 70
83 46
39 10
45 42
14 79
33 36
5 44
58 73
79 41
23 55
10 49
35 40
60 81
88 12
31 40
37 21
90 25
14 39
97 94
22 79
94 80
3 96
43 35
77 30
71 53
2 25
65 31
40 57
56 47
78 96
39 83
29 20
21 57
47 50
34 89
63 9
87 73
19 22
48 39
79 57
30 31
22 92
49 28
45 95
44 22
6 70
12 12
90 64
89 52
30 74
74 74
80 94
87 93
78 36
92 93
75 40
56 49
86 80
76 84
23 19
37 19
3 97
56 41
10 89
38 14
97 70
15 59
72 94
85 36
76 73
98 67
36 65
93 6
9 40
4 43
25 55
94 89
50 65
92 13
97 15
16 65
81 9
X
47 37
8 29
10 26
0 58
41 79
91 56
82 6
97 96
85 28
46 50
93 32
46 14
7 19
7 35
37 94
8 38
39 38
59 86
18 97
21 15
66 62
68 26
42 50
6 33
10 65
87 67
94 74
40 3
30 47
26 86
13 29
50 82
80 7
69 25
55 22
46 38
86 8
50 2
14 78
85 32
71 43
59 85
73 22
47 53
62 49
98 82
61 28
98 63
96 28
97 91
37 33
48 47
94 72
83 24
45 1
0 46
14 4
87 91
10 23
91 36
91 35
76 70
76 55
1 9
52 74
23 68
32 25
7 92
80 66
90 20
36 60
11 83
79 36
95 10
56 83
50 42
35 13
97 49
34 86
8 21
17 74
72 44
26 21
93 23
48 19
83 82
13 91
83 64
49 67
13 21
47 80
52 83
68 12
70 37
81 24
25 18
29 57
87 95
25 82
97 80
10 87
41 94
98 47
19 6
25 80
54 70
34 33
7 18
69 31
78 53
23 29
23 15
23 43
76 14
68 51
90 40
24 33
12 44
61 37
8 66
49 77
20 4
33 74
86 85
37 78
82 7
88 95
15 65
81 90
56 21
64 84
69 38
72 13
55 7
62 48
19 56
85 34
36 43
63 3
66 10
42 3
53 44
27 30
25 58
73 46
83 91
1 92
93 79
16 29
38 26
50 85
78 47
85 41
7 64
83 69
25 11
55 45
39 70
74 71
56 3
55 56
78 63
12 87
38 78
57 81
16 93
30 8
74 6
91 82
97 13
20 11
28 68
43 75
28 17
47 78
22 46
7 1
88 91
17 49
70 6
37 47
28 71
57 13
36 17
13 15
33 63
69 24
50 87
30 28
95 31
67 4
19 12
15 61
88 51
36 46
53 89
53 39
84 74
11 84
36 32
43 57
48 93
63 48
41 74
86 46
93 22
28 84
40 40
12 36
9 78
29 90
63 44
81 84
25 28
66 47
84 77
56 6
50 52
3 82
83 9
38 92
7 84
16 97
43 33
88 17
58 53
66 7
72 30
31 97
80 67
71 57
38 43
85 19
89 56
9 26
89 42
40 42
63 56
38 34
10 29
13 44
13 76
34 91
48 17
67 42
60 69
80 10
44 18
35 11
7 29
60 62
53 19
49 70
44 75
15 42
56 57
10 75
15 38
41 84
2 87
62 77
47 11
55 77
67 51
90 31
26 98
81 92
53 62
38 64
5 40
65 61
9 12
47 36
39 84
4 54
55 87
43 85
51 17
40 38
85 6
35 64
74 72
37 67
49 19
86 32
14 97
34 64
31 42
44 32
17 4
21 44
54 5
62 23
51 52
76 35
73 45
48 82
75 32
47 24
36 71
20 67
53 77
97 62
87 14
95 45
67 88
11 75
32 90
13 26
7 14
4 19
39 52
66 81
22 58
76 98
81 88
22 43
52 33
76 21
44 26
4 22
11 9
42 77
78 29
29 91
39 16
16 91
7 67
94 53
60 48
17 59
92 28
0 64
84 51
90 24
96 84
17 93
X
71 29
49 62
29 78
0 70
66 92
2 46
65 43
16 40
24 52
20 20
74 25
32 91
27 22
61 60
82 66
51 75
74 98
57 91
35 93
83 85
73 73
24 80
23 79
71 13
63 57
71 36
16 15
76 85
39 62
5 84
76 40
8 77
85 53
78 70
59 79
42 67
13 75
85 82
28 14
41 86
24 87
5 53
66 19
26 32
32 81
10 25
66 53
73 20
63 85
7 20
36 51
7 53
20 39
39 23
49 23
6 95
26 5
78 59
46 12
12 59
68 94
56 58
85 64
83 78
75 53
52 77
9 70
5 11
79 78
14 91
45 50
69 57
16 2
61 70
25 40
87 37
44 8
67 40
30 46
75 78
3 68
65 45
31 19
3 67
66 85
90 56
54 97
98 3
50 35
23 74
72 34
90 77
66 3
28 43
42 57
80 56
48 46
41 17
73 63
87 53
36 0
79 60
77 86
10 28
37 51
54 6
70 52
40 47
94 24
74 57
61 62
74 34
76 91
73 0
52 57
67 58
18 73
81 10
34 74
44 14
25 35
38 56
79 32
31 79
54 13
81 28
70 91
37 46
94 43
48 94
7 78
84 9
38 70
10 15
62 62
48 51
84 16
54 7
21 58
82 49
44 13
44 28
82 12
0 97
27 48
7 17
75 57
6 19
89 58
76 60
35 67
47 29
50 43
9 79
81 69
11 90
17 1
18 15
59 78
95 90
52 50
7 54
13 92
2 24
27 85
67 44
36 87
90 54
23 23
50 40
26 97
24 4
94 82
21 23
68 93
28 40
76 16
83 34
82 97
34 72
11 35
51 9
65 33
81 74
20 7
25 3
87 40
10 66
89 64
8 51
43 83
52 34
66 29
78 83
4 26
22 98
95 53
13 83
63 49
74 59
38 12
93 31
64 57
79 39
97 4
51 55
34 67
10 83
1 87
33 80
48 13
57 59
48 65
6 37
24 74
88 45
98 12
24 55
29 26
74 80
40 49
58 84
26 7
71 12
91 57
17 65
91 93
96 31
89 51
9 83
79 40
16 33
63 36
64 44
83 8
69 74
42 82
66 56
56 48
2 90
89 34
4 6
96 59
63 28
67 9
60 77
17 2
77 12
95 30
73 81
67 38
30 89
37 41
2 53
15 58
21 31
48 97
49 2
71 26
37 23
X
77 62
17 52
2 9
24 98
51 41
23 11
55 29
16 55
69 91
6 39
39 25
80 64
49 15
48 73
33 55
2 30
53 24
83 48
84 59
83 21
6 44
93 66
73 61
5 42
46 46
18 80
29 8
50 23
94 6
73 77
26 53
24 73
4 28
22 55
1 91
13 38
91 67
76 88
20 19
80 60
54 74
30 68
64 9
4 20
76 36
16 51
15 70
61 63
71 81
17 11
32 94
45 78
21 30
61 78
95 74
7 40
72 4
36 28
67 89
50 64
75 88
84 40
68 77
12 71
89 26
11 94
24 38
88 0
57 85
50 19
6 59
79 93
52 53
46 9
81 68
38 63
62 28
68 11
53 67
33 35
44 82
32 64
30 22
69 49
20 60
91 5
93 89
89 65
3 92
17 35
21 97
36 74
96 91
88 13
51 38
31 46
58 23
94 91
98 40
20 74
27 75
76 18
59 59
43 84
12 95
7 41
84 84
87 36
80 97
18 29
41 90
18 43
13 18
14 8
41 23
36 33
80 20
39 92
14 83
25 98
92 15
2 11
17 8
55 73
72 75
97 53
68 17
77 54
62 74
28 23
11 98
49 8
89 0
4 78
47 21
26 81
6 81
35 91
44 39
20 66
23 30
2 68
83 89
83 97
51 3
62 38
58 77
31 81
14 95
98 53
23 8
63 91
77 33
88 32
32 26
3 34
75 9
32 51
97 40
23 71
48 71
70 62
74 55
47 43
68 92
45 75
29 30
12 89
28 10
9 91
52 46
66 42
82 51
93 28
59 56
8 78
36 80
19 23
95 2
27 79
50 92
23 22
53 37
83 2
20 43
59 88
89 75
72 50
52 92
32 70
84 38
95 37
13 78
42 42
1 15
42 90
5 4
74 20
1 24
28 46
90 68
42 13
49 82
0 57
40 51
2 67
76 75
71 28
10 2
55 20
3 76
38 71
71 27
92 12
36 24
91 39
74 96
54 44
9 59
82 2
84 2
15 54
56 28
61 59
20 30
47 13
89 12
8 90
20 69
73 76
59 25
11 89
95 75
88 82
28 30
35 20
75 55
25 45
96 74
81 12
82 8
69 82
41 35
25 93
81 34
97 47
45 48
7 90
25 25
35 81
31 48
53 41
X
23 38
12 63
37 50
18 96
36 14
32 6
93 12
13 74
63 65
83 88
4 48
25 23
60 75
80 15
64 41
50 89
1 65
62 7
49 42
89 94
17 26
14 96
2 83
97 19
26 33
64 39
77 14
18 44
40 35
64 56
13 45
93 41
76 81
26 14
88 31
82 53
38 57
40 5
86 5
98 39
34 79
59 80
37 13
78 71
88 86
57 62
9 68
76 76
82 91
58 86
49 89
32 60
38 77
30 41
65 72
65 88
13 48
87 1
26 37
56 2
24 11
41 8
81 58
38 29
71 49
71 89
97 37
56 91
72 55
92 91
69 94
X
24 22
63 16
35 8
38 85
46 55
10 77
45 68
86 81
83 1
12 24
6 2
44 19
37 64
96 69
15 75
63 23
73 13
73 38
18 3
66 54
35 70
96 78
3 81
57 96
0 14
14 9
91 75
6 43
45 63
9 54
3 93
1 53
95 81
8 85
25 78
46 40
29 45
83 19
36 82
98 41
85 75
61 16
18 35
3 95
70 3
11 85
20 80
14 55
45 94
1 70
47 48
45 31
56 53
78 32
79 68
13 71
96 0
75 73
47 92
84 10
69 3
49 92
44 94
31 56
52 41
48 90
88 57
33 23
6 8
48 15
65 30
52 3
3 63
53 7
97 56
53 85
19 13
53 38
69 51
19 64
7 49
1 10
62 78
23 96
16 66
85 62
94 28
18 45
26 91
63 46
84 82
4 31
56 79
7 52
83 66
17 23
10 98
29 28
68 29
62 76
91 43
78 64
63 94
45 62
76 17
43 47
33 49
55 50
39 54
75 7
50 71
48 86
21 69
15 21
30 51
97 83
20 51
22 38
77 76
X
26 54
69 30
47 30
12 65
49 97
96 81
28 22
10 40
1 95
64 77
72 46
63 80
93 38
14 5
92 14
33 67
48 92
87 17
87 87
31 20
71 65
12 15
78 90
34 82
81 44
6 82
33 95
37 79
66 90
89 31
91 23
92 64
29 36
20 10
30 55
16 17
55 91
96 62
39 87
96 53
80 29
59 77
37 68
79 79
70 49
82 22
41 78
31 47
55 15
9 71
50 69
10 12
53 75
53 51
95 69
25 60
28 73
82 19
89 92
49 49
37 30
58 64
23 12
74 38
46 37
84 29
66 64
79 45
69 9
18 89
95 89
19 75
21 66
62 11
86 70
9 20
5 34
49 46
48 69
77 78
22 48
29 79
94 57
87 34
68 30
71 44
21 76
73 23
73 72
19 20
90 97
21 60
74 0
74 18
73 14
24 49
29 67
6 12
95 93
2 65
63 86
37 37
38 50
49 75
38 16
74 60
96 10
79 82
4 30
9 80
50 90
42 21
20 22
19 69
80 36
27 89
96 94
36 20
18 58
31 82
77 72
79 65
13 82
89 55
26 75
33 25
80 86
58 66
46 51
41 93
87 32
32 34
6 25
13 58
41 50
67 29
41 68
37 93
35 65
82 57
44 10
15 84
94 69
6 23
40 33
4 12
91 38
20 96
8 17
56 1
2 82
45 26
68 84
67 10
12 49
67 17
15 62
2 58
5 28
44 24
54 51
39 91
56 56
98 25
77 63
48 11
30 34
32 37
90 13
72 65
26 60
28 81
61 72
70 54
16 25
30 1
66 26
6 75
57 44
80 32
84 32
59 61
45 20
32 23
8 13
35 14
49 86
70 30
1 61
12 54
54 94
74 63
51 65
77 84
77 98
40 55
55 52
78 20
38 59
10 13
91 73
10 22
43 54
31 18
4 63
67 84
5 58
21 98
78 86
80 14
32 92
54 15
26 69
15 33
21 7
16 96
19 59
77 64
87 12
74 79
21 53
39 60
40 73
64 62
45 46
51 59
12 21
25 20
43 31
46 1
56 60
81 98
84 89
86 20
66 23
95 49
91 95
6 1
52 24
57 98
78 54
63 10
17 75
23 53
5 22
54 40
64 24
71 97
31 68
37 90
18 93
81 71
96 3
66 63
92 30
21 78
12 70
47 9
30 75
65 60
92 31
58 98
48 34
81 50
55 14
44 21
10 97
64 86
57 47
85 63
34 27
86 74
91 54
36 41
87 6
83 90
4 80
45 15
14 71
89 80
61 61
30 33
96 37
56 14
55 92
7 71
37 42
44 92
10 33
23 57
80 82
87 84
47 55
75 45
8 19
53 14
87 22
94 4
13 55
60 35
7 39
1 46
84 20
10 41
69 29
24 68
43 15
41 24
29 43
4 21
17 68
19 33
86 59
45 5
68 91
82 13
X
2 76
47 10
70 74
67 79
10 56
59 3
54 76
15 76
56 90
22 91
42 96
24 71
73 33
25 43
82 75
55 4
40 37
37 97
37 32
76 30
49 21
98 79
56 67
16 21
4 2
2 91
18 90
3 85
51 96
37 17
41 60
17 29
57 95
12 98
69 63
59 64
28 75
26 82
91 74
20 15
68 52
51 69
41 27
91 19
3 64
96 2
77 41
80 13
39 86
78 22
94 93
32 1
32 87
70 23
85 7
10 42
15 60
23 56
38 65
60 80
87 71
28 7
8 36
73 80
35 78
34 36
63 47
X
5 35
92 19
63 24
46 53
33 70
79 96
83 60
82 21
31 87
12 18
46 59
X
12 34
8 84
58 95
35 23
10 44
40 74
33 29
9 35
2 57
42 84
87 31
44 83
61 73
54 69
77 77
44 57
55 16
50 45
3 35
78 94
85 68
89 24
83 68
77 50
66 33
82 24
93 5
57 21
83 63
97 42
41 3
49 33
77 87
0 65
94 32
83 7
97 48
58 6
38 53
2 63
66 86
58 18
29 46
2 77
92 36
82 58
69 50
61 54
44 84
8 6
15 26
39 77
82 56
19 58
59 89
84 36
28 12
83 35
1 94
26 87
46 34
60 47
26 43
6 4
84 19
63 40
56 54
45 80
42 44
55 60
54 29
7 33
84 17
30 25
50 91
58 14
7 97
83 4
4 44
79 59
52 96
86 79
7 11
6 71
19 81
15 66
51 47
12 13
33 24
7 55
36 40
86 9
15 40
X
0 87
82 9
47 49
36 25
7 9
33 89
33 50
77 29
55 54
62 69
88 90
10 64
69 97
86 7
24 31
13 4
7 82
53 82
41 45
6 14
22 15
79 29
7 98
56 71
66 39
85 17
34 20
40 53
50 55
42 9
9 6
93 93
15 89
12 85
58 40
31 0
11 74
85 13
81 87
75 43
50 61
23 98
75 49
54 87
29 48
73 18
35 33
31 75
75 64
71 93
53 76
71 14
80 91
20 97
57 79
83 93
90 58
83 92
91 13
78 21
98 11
67 92
14 48
92 20
50 39
16 10
8 14
94 22
31 31
95 3
2 97
65 95
35 83
88 84
93 30
24 15
93 67
97 64
62 83
83 0
50 51
95 62
97 38
28 70
55 6
71 79
12 2
95 59
16 98
57 71
91 45
56 36
52 25
20 16
41 47
62 55
57 20
40 89
60 27
95 57
48 33
8 52
28 77
5 25
29 76
68 75
89 84
32 17
11 37
21 35
48 41
30 97
93 73
74 45
79 54
22 59
95 25
72 28
2 26
40 86
41 19
64 76
12 19
30 90
93 3
55 62
9 72
72 1
50 68
84 92
98 96
39 63
46 62
42 88
79 91
37 80
6 78
39 55
83 16
46 54
91 91
44 27
73 39
4 42
25 42
64 66
1 44
63 77
34 24
35 37
7 79
80 50
40 75
59 47
51 19
1 14
22 97
45 81
80 85
24 93
47 45
69 92
94 29
32 55
95 40
87 33
80 11
85 61
90 52
87 29
87 82
95 23
47 54
98 43
66 76
50 80
42 70
48 67
24 92
84 37
39 46
68 54
55 31
29 77
33 15
67 3
38 11
42 92
9 15
33 14
48 44
22 77
29 35
74 86
30 82
43 69
46 43
26 29
40 34
70 94
22 11
25 86
25 36
32 42
7 26
26 10
51 64
41 18
32 19
43 71
68 47
20 35
74 77
46 79
47 94
35 95
61 38
34 26
11 29
35 29
18 82
13 70
94 23
92 5
13 85
67 47
43 17
50 33
4 33
26 83
36 69
77 92
32 66
11 25
74 2
32 16
87 76
7 85
6 54
32 67
33 68
59 17
19 45
79 47
26 8
82 47
74 32
7 5
97 33
12 96
58 34
7 12
69 52
25 69
45 30
93 40
X
75 75
26 31
84 52
24 24
44 20
75 6
75 74
95 91
35 73
60 84
51 77
21 54
57 32
66 89
54 0
49 58
9 21
54 23
23 61
85 73
7 8
52 64
46 29
31 89
74 54
55 89
14 75
17 25
40 10
38 46
88 71
48 64
38 27
96 86
72 25
66 50
45 49
39 31
8 97
18 11
73 34
67 52
23 70
47 61
61 49
76 0
47 63
91 83
81 95
44 68
11 67
25 5
61 93
46 16
50 66
77 35
84 64
34 32
14 38
52 42
35 36
90 67
47 31
43 70
56 20
37 1
78 75
25 46
49 24
30 29
74 49
38 61
65 92
60 83
12 55
22 4
6 41
74 83
71 9
54 96
55 23
46 10
2 47
38 48
37 26
35 25
71 91
27 20
98 38
48 37
41 76
9 11
80 44
89 49
37 34
78 46
81 94
49 64
51 78
3 70
47 20
17 3
39 36
43 96
44 87
47 51
42 15
30 83
30 48
87 54
25 7
78 80
31 98
14 13
49 22
45 92
41 70
29 80
17 61
82 80
59 70
19 68
95 83
61 88
94 58
60 6
89 8
76 20
12 35
72 35
85 85
51 6
43 65
38 79
75 65
66 6
6 22
1 76
50 86
48 32
73 3
19 16
33 33
87 64
48 89
84 98
23 82
36 77
9 76
11 20
44 11
49 11
17 24
41 39
85 56
73 37
18 17
72 96
3 40
9 41
90 32
54 11
6 63
41 59
2 13
64 42
38 19
86 22
91 76
84 24
59 15
13 98
24 18
28 5
10 43
48 53
90 15
40 88
47 98
96 54
15 12
81 55
78 67
69 59
23 4
70 26
95 88
38 82
48 70
65 86
50 58
10 91
19 14
91 58
19 54
40 68
33 86
45 10
X
57 68
52 22
98 70
71 80
19 55
56 15
81 2
76 90
93 57
63 66
71 71
8 75
51 79
93 43
22 68
53 42
60 67
12 42
20 65
4 24
59 54
92 43
20 9
27 8
35 47
83 49
5 85
7 48
6 60
3 66
6 36
71 37
94 12
54 45
82 23
71 1
92 95
14 37
51 42
44 88
6 83
67 75
74 10
63 78
9 38
46 96
22 23
1 57
98 92
67 30
14 21
36 47
86 44
27 4
49 59
39 19
32 86
10 92
6 66
22 20
16 80
35 45
70 67
90 36
90 92
77 44
35 60
58 15
97 50
98 9
0 21
36 36
74 37
59 91
28 31
32 79
94 15
48 58
5 12
75 56
7 38
54 57
16 24
15 39
30 94
49 47
5 38
27 9
49 20
94 11
73 7
12 43
68 76
66 94
81 77
16 88
75 10
62 81
58 72
49 50
36 22
42 65
6 51
36 15
61 66
80 90
97 65
51 35
34 80
33 22
55 2
24 97
89 82
12 92
21 19
43 88
62 50
76 44
85 98
98 8
67 83
72 9
24 23
8 5
58 83
59 95
31 60
65 73
80 78
16 53
95 92
73 31
65 76
28 44
36 76
37 0
65 47
14 50
63 67
23 60
44 63
46 94
73 52
24 83
75 94
45 11
43 19
54 39
91 14
60 23
12 88
42 43
20 53
89 17
26 45
55 93
56 89
9 85
19 93
17 88
35 15
28 16
51 71
58 61
80 26
12 48
19 82
81 57
28 9
71 76
93 39
80 63
44 80
18 21
9 42
96 92
88 26
27 43
11 93
36 42
44 41
26 49
93 42
45 32
57 28
33 60
0 67
45 14
85 79
15 85
25 31
97 86
61 9
95 96
15 57
19 25
68 88
79 2
5 16
36 38
9 94
56 55
11 63
58 46
69 21
57 92
66 8
16 60
60 91
79 70
24 21
23 77
27 61
89 39
75 80
63 8
52 95
38 41
51 48
45 87
2 70
27 62
79 56
87 2
49 44
78 60
28 20
41 14
31 45
38 36
12 75
57 46
56 85
46 32
30 56
53 84
89 86
34 78
62 8
80 68
42 74
73 94
21 43
89 43
69 8
11 58
56 78
73 29
96 64
46 28
43 93
6 30
72 38
28 1
77 85
22 5
45 67
13 20
41 21
22 39
50 88
72 33
50 70
76 64
22 47
86 15
72 57
79 64
78 10
54 20
43 68
23 97
98 42
41 87
82 86
92 68
38 90
71 74
89 97
43 13
81 30
47 1
81 60
65 11
96 70
93 82
81 70
51 18
58 38
50 73
36 23
57 55
92 89
15 25
48 96
85 22
76 65
58 65
12 22
75 70
85 84
81 26
36 95
4 40
48 79
42 14
93 15
84 67
8 82
51 33
63 26
4 95
5 93
39 20
83 65
26 80
69 65
38 8
18 88
21 59
11 40
34 39
28 45
78 81
X
56 11
64 1
18 56
4 64
2 45
52 89
74 31
78 78
14 56
8 15
45 41
50 47
30 44
9 2
86 14
77 38
14 65
56 8
77 34
89 81
54 78
84 76
54 49
80 49
81 3
57 41
22 57
46 76
30 20
27 11
15 98
47 14
4 52
17 51
92 74
38 67
23 25
37 56
56 43
86 76
67 96
79 22
51 23
12 41
23 6
96 96
9 43
27 28
84 34
8 3
2 66
34 43
60 54
75 25
73 56
68 53
88 65
43 38
74 36
8 83
16 69
47 47
19 53
82 88
57 29
33 65
52 82
26 36
94 63
18 68
18 53
33 47
74 51
87 23
15 24
30 66
3 39
10 54
21 56
2 34
2 35
37 61
97 25
81 31
3 89
59 75
27 44
37 20
67 54
61 55
25 19
87 19
92 63
69 6
90 98
29 9
4 58
54 89
93 34
36 39
47 79
3 25
25 87
43 90
37 89
92 55
46 42
68 16
85 60
6 76
92 0
82 26
82 15
63 31
53 53
33 28
66 74
82 67
13 50
21 34
8 22
19 67
81 29
50 54
51 10
13 93
59 37
43 58
51 20
42 83
22 19
44 33
89 33
13 39
24 43
70 92
86 36
98 1
86 33
41 82
11 47
95 98
54 53
58 59
47 12
45 8
62 27
8 72
11 14
54 79
16 57
76 77
58 31
25 54
14 87
52 65
73 49
19 76
85 78
66 22
38 45
66 44
49 30
88 64
11 42
77 2
61 92
47 71
22 1
80 98
73 89
73 32
53 52
16 8
24 81
52 75
61 2
64 26
47 46
31 38
8 20
12 53
89 38
98 95
49 52
23 84
0 22
49 55
25 44
59 60
95 43
67 94
5 19
55 25
12 14
25 26
45 54
26 55
57 87
23 40
8 88
98 34
22 65
76 25
63 11
10 69
65 56
30 40
39 74
53 40
9 9
25 41
16 13
68 23
21 64
25 59
71 25
3 69
82 3
35 82
87 13
13 46
40 96
42 22
84 69
74 39
29 84
30 84
42 89
12 29
3 19
57 77
43 55
3 26
96 93
28 18
42 61
63 55
35 74
23 20
5 66
69 5
89 57
68 78
88 46
15 92
69 70
56 4
74 73
56 24
56 81
57 14
75 93
28 13
23 81
91 33
93 16
51 53
88 15
87 30
75 60
7 75
55 0
80 33
35 24
7 88
31 37
74 82
34 31
7 63
81 7
28 4
25 29
34 68
78 34
38 60
11 34
98 22
67 50
94 21
X
16 6
98 69
3 72
59 81
72 40
79 13
37 57
96 65
12 20
95 28
26 11
22 71
98 35
39 50
7 95
58 63
5 83
65 51
4 9
73 87
30 91
39 76
70 42
50 8
30 79
59 63
13 37
13 12
58 71
23 92
4 89
62 80
0 48
68 44
62 61
12 83
77 53
13 8
18 26
88 66
26 62
90 50
9 39
54 85
83 25
94 30
66 4
22 80
74 50
85 59
10 70
6 55
1 51
37 11
17 34
14 59
64 90
80 79
33 62
28 41
11 97
17 12
16 89
31 17
4 96
1 86
79 94
64 58
73 97
41 43
83 75
37 95
66 59
48 30
26 9
49 79
22 56
75 79
33 34
46 35
50 38
6 47
24 20
6 69
22 66
15 2
3 24
44 16
7 22
54 24
55 76
48 20
15 50
40 16
0 94
9 44
51 49
93 24
5 69
12 9
62 65
62 92
29 41
4 81
22 61
9 66
10 35
46 95
15 83
75 54
54 75
87 11
2 52
9 93
1 96
11 68
26 58
3 88
68 41
58 37
X
6 72
82 81
22 70
54 92
17 79
2 27
86 63
X
41 20
38 66
25 12
72 71
36 11
92 6
13 84
42 79
59 93
69 81
55 41
92 86
4 66
89 50
44 93
87 9
16 4
19 11
62 59
25 68
56 0
20 18
70 64
80 46
42 91
41 13
4 84
32 82
21 65
78 9
72 21
90 16
21 71
27 10
64 37
41 56
43 78
1 56
14 12
22 75
38 55
15 79
67 21
37 63
37 25
66 91
86 78
96 85
46 92
47 66
35 58
96 29
29 85
59 48
19 44
27 40
16 52
55 70
65 84
65 82
45 59
86 30
6 65
17 80
28 53
21 1
25 92
6 27
42 66
3 23
17 56
10 48
1 30
75 61
76 92
3 83
41 88
73 21
33 48
40 46
9 95
7 56
84 4
62 94
60 41
14 84
36 37
68 90
34 14
96 9
55 58
71 58
28 60
88 68
37 76
72 2
34 77
43 67
35 43
20 23
38 75
6 9
72 31
15 93
5 41
3 77
35 26
6 11
57 53
43 20
26 52
32 21
22 9
35 94
29 47
59 55
77 1
73 96
75 89
X
85 23
93 94
16 18
48 14
44 47
45 77
57 4
28 33
66 41
68 39
72 39
6 24
42 19
79 92
X
98 65
39 73
11 2
93 90
36 78
26 44
29 29
11 55
16 12
53 95
25 67
70 61
78 69
67 60
47 16
52 39
8 53
68 50
86 29
93 29
17 57
46 87
77 55
11 16
39 43
89 68
70 47
57 45
84 3
97 95
66 72
21 4
38 93
41 77
49 7
87 20
33 51
43 86
35 66
78 33
73 98
59 36
98 33
13 47
7 89
0 77
43 24
89 44
33 88
73 83
20 44
17 66
54 80
53 73
47 42
24 44
49 54
80 89
85 76
69 80
56 93
90 74
39 33
57 93
15 94
57 22
3 55
49 94
56 92
60 64
76 19
26 6
16 26
19 65
80 70
12 30
59 74
84 75
71 24
68 38
86 23
X
9 36
48 59
80 21
70 57
71 90
59 24
45 79
83 79
67 5
65 81
64 45
86 43
87 18
96 71
15 68
89 40
26 40
43 66
78 85
32 49
11 45
56 22
73 4
32 28
57 82
48 87
11 12
8 45
96 82
91 53
72 58
54 48
22 93
86 12
23 69
15 49
23 32
31 90
20 56
89 76
65 59
88 18
10 60
96 22
21 96
1 58
90 95
12 66
21 79
57 43
47 44
91 51
65 87
15 22
0 53
82 93
65 29
57 24
68 79
93 36
12 90
89 54
34 58
57 94
82 35
53 96
5 37
6 97
53 90
68 60
35 21
69 44
69 4
63 37
17 33
10 9
3 57
21 47
16 58
73 55
41 85
66 55
15 48
77 70
31 1
73 58
27 81
45 93
46 30
90 53
70 68
15 14
14 11
98 66
85 65
40 52
47 93
88 14
50 28
94 64
49 16
64 2
2 92
69 17
98 13
46 52
24 34
45 29
9 87
11 27
79 12
72 12
44 7
10 73
36 7
70 29
26 47
16 61
27 70
37 29
7 81
9 33
29 66
44 49
64 11
39 85
69 93
72 24
52 59
53 4
85 74
5 65
79 4
40 17
3 17
17 64
90 62
94 38
40 48
89 25
61 84
38 89
70 97
41 44
2 60
38 91
98 46
27 49
81 73
76 79
90 38
88 58
20 75
52 40
11 21
31 22
53 64
84 5
95 1
73 19
60 89
13 95
31 8
59 94
59 27
38 20
81 20
16 68
93 74
22 64
X
70 82
55 1
16 14
79 81
29 51
41 83
37 18
19 83
64 85
11 66
64 8
77 81
19 91
85 70
34 34
58 55
11 60
0 52
62 60
36 66
18 60
12 84
81 11
24 70
5 96
21 61
76 50
86 65
5 95
71 59
53 15
4 53
3 16
86 56
20 2
5 86
76 54
54 37
92 44
64 12
59 4
96 20
77 15
81 1
82 77
56 7
31 34
38 17
51 74
36 26
90 59
24 76
44 30
70 60
42 93
35 41
54 42
47 87
5 43
74 89
55 80
58 32
61 39
40 87
53 1
10 27
40 85
88 92
55 12
18 54
78 65
79 95
39 37
42 68
86 6
50 34
50 22
68 89
67 76
17 71
9 55
34 38
24 29
15 41
72 43
63 2
30 52
93 63
16 56
45 18
52 78
88 98
16 54
15 88
16 74
87 42
31 6
77 3
75 31
35 38
36 94
79 8
20 59
3 9
82 10
71 55
76 89
10 36
69 7
26 90
6 56
4 11
67 80
50 77
19 9
48 22
13 10
64 19
67 62
14 53
33 93
34 57
38 86
19 8
10 59
8 35
17 95
81 23
25 6
32 46
45 88
24 39
61 24
48 88
38 87
93 59
38 22
19 96
33 71
29 23
37 43
15 17
67 24
74 61
84 23
58 94
34 56
4 7
60 68
22 53
44 79
27 13
98 81
77 75
63 92
34 45
36 56
39 15
68 83
80 57
85 30
78 58
63 71
51 39
66 31
9 3
96 51
55 94
92 73
9 10
20 77
55 78
83 23
45 7
18 92
74 85
33 79
48 42
72 87
75 71
4 15
78 23
13 97
76 57
43 60
64 38
70 5
55 51
19 52
6 68
21 55
76 13
37 16
51 22
52 16
88 50
70 63
95 82
16 49
0 73
48 54
11 65
66 18
95 6
14 28
3 10
55 71
91 6
7 30
98 45
42 86
13 56
63 58
67 59
84 14
83 81
71 10
2 69
16 5
63 43
16 50
81 75
98 91
94 73
69 40
35 42
X
25 22
18 79
26 25
47 96
19 15
41 1
92 34
36 91
6 80
10 20
73 50
50 74
35 17
45 33
14 34
17 10
98 49
9 92
19 10
37 65
46 77
76 80
91 94
75 24
29 1
81 54
25 37
18 14
3 58
98 10
94 33
60 90
9 48
98 17
5 48
79 50
44 1
35 22
43 16
16 48
43 72
7 76
94 13
25 89
21 92
95 55
20 83
37 60
48 52
41 89
69 39
4 27
95 4
38 97
11 76
83 83
90 21
86 86
5 59
62 30
36 93
85 29
52 35
7 93
66 27
34 52
73 75
32 93
89 23
94 36
84 70
97 81
8 9
39 66
8 56
56 80
28 79
80 95
4 86
37 83
24 54
60 1
70 58
25 21
40 1
3 98
83 70
77 49
61 76
58 75
84 81
44 36
73 24
34 21
22 40
68 62
21 46
83 32
82 1
22 60
48 21
29 25
84 21
1 59
5 27
33 59
85 24
55 36
4 93
29 10
46 66
92 72
36 27
65 10
24 3
71 38
87 74
27 77
59 83
69 54
49 29
50 37
4 60
28 86
66 80
30 54
28 48
63 45
93 7
19 74
45 60
72 3
31 80
76 34
64 40
52 81
18 33
5 60
19 60
91 77
80 9
27 66
56 62
42 37
66 75
10 11
14 81
25 88
60 28
18 98
59 41
44 89
90 83
67 95
63 93
33 72
55 24
37 48
10 71
86 60
94 3
61 75
70 83
88 55
76 49
8 27
46 5
33 91
76 51
87 79
91 26
32 39
15 4
65 55
5 45
11 82
79 90
3 74
53 79
39 78
95 9
19 7
49 90
95 97
23 64
72 69
96 46
90 57
22 2
50 24
17 98
46 63
67 73
81 91
92 56
10 24
29 56
38 7
24 30
18 8
12 69
38 96
73 8
84 33
59 52
68 72
66 43
72 14
82 98
19 66
79 63
15 5
18 10
69 26
44 55
82 18
80 4
48 91
13 41
33 85
22 41
34 50
43 21
30 23
85 8
7 13
85 40
40 32
X
54 93
72 52
17 27
66 60
38 18
38 80
43 8
16 86
32 48
42 81
63 41
26 68
78 44
93 20
45 91
55 53
19 17
87 86
15 9
50 59
75 8
14 29
14 10
33 37
23 93
16 28
34 48
68 21
34 60
4 34
5 15
20 45
49 3
48 95
51 5
94 35
42 20
51 85
77 43
61 80
11 26
4 59
88 25
41 2
56 34
6 48
90 75
36 64
16 7
93 35
47 41
5 30
41 91
13 27
92 40
27 32
32 97
47 38
49 39
21 22
72 76
96 13
56 5
43 3
32 65
49 17
40 19
69 62
22 12
45 17
61 71
9 84
27 76
89 6
52 90
63 79
81 21
58 47
8 81
66 73
84 6
28 29
41 42
17 48
59 84
97 68
75 58
32 18
68 71
47 91
41 22
58 33
55 68
58 60
55 13
62 24
13 17
81 93
21 9
44 66
91 46
71 2
5 1
84 8
6 88
8 98
6 7
62 90
24 91
43 81
36 16
43 30
67 87
91 97
42 76
13 88
56 68
22 74
52 5
22 54
55 11
24 32
45 53
91 55
48 66
58 24
53 58
58 67
21 20
52 20
65 96
53 20
13 53
57 76
43 2
68 40
60 2
8 63
9 47
64 28
70 50
13 64
77 66
4 70
65 66
2 33
36 21
53 49
34 69
12 47
47 19
51 21
5 31
2 14
79 66
66 30
86 38
74 46
69 66
1 11
36 67
37 91
51 24
10 10
60 24
88 52
82 78
18 78
36 58
89 85
85 44
67 91
4 16
70 59
88 89
22 81
67 98
23 18
26 89
39 47
19 42
79 30
12 82
73 88
39 18
20 95
66 84
17 60
X
65 89
4 41
86 10
82 76
96 44
50 60
20 82
86 98
18 18
38 83
78 38
14 16
65 93
43 50
62 71
80 58
98 64
90 23
10 90
55 84
10 57
12 10
26 48
10 45
42 59
90 43
6 45
33 82
43 34
3 60
45 89
16 22
72 61
44 69
94 20
85 10
64 47
90 12
75 16
14 92
32 45
67 93
28 66
95 54
11 13
14 80
4 23
71 42
84 28
3 94
63 82
44 34
3 86
42 17
4 68
59 16
14 54
86 64
9 16
74 94
71 96
97 9
22 21
90 39
79 58
39 26
35 68
94 90
78 84
79 89
48 80
4 56
34 49
68 25
6 3
76 56
43 87
41 66
30 19
9 86
8 76
95 38
95 68
77 94
16 34
34 46
65 64
66 88
51 40
87 16
17 73
77 93
43 56
81 47
77 80
86 24
27 45
38 74
12 97
51 73
48 76
23 76
17 90
81 80
53 13
95 63
61 74
39 28
66 24
66 21
49 51
96 95
70 14
44 81
63 12
53 29
91 86
19 34
29 44
49 80
25 85
32 20
13 36
46 89
32 63
39 93
78 37
23 5
44 77
X
83 87
49 40
91 70
94 81
64 91
89 32
48 81
95 33
13 13
42 85
26 59
90 33
7 86
22 76
95 86
22 22
66 45
81 89
30 32
63 83
20 34
48 8
X
77 58
97 20
91 1
8 95
41 41
73 79
54 91
39 75
92 60
44 97
65 70
24 69
66 82
98 88
59 33
78 30
91 71
65 52
60 40
0 56
81 14
15 86
25 83
31 36
X
47 76
62 57
6 52
84 83
44 95
90 94
64 98
47 8
50 20
52 79
12 74
49 65
42 48
41 96
79 44
18 74
83 98
39 49
20 8
17 55
60 60
15 90
84 95
5 7
46 20
X
45 19
49 91
65 80
25 57
68 55
16 1
85 83
8 37
68 22
69 60
57 11
70 55
42 38
21 11
17 58
3 22
48 36
8 8
13 35
16 27
46 93
96 23
41 49
88 42
5 71
93 55
48 27
81 72
97 3
12 60
72 51
34 59
60 25
92 39
88 33
24 25
27 31
15 95
73 71
58 25
25 24
16 35
88 94
70 98
26 35
88 54
89 15
58 68
11 70
15 56
96 48
14 36
32 33
86 55
48 75
4 5
26 84
95 29
14 47
75 38
17 89
81 67
48 68
57 78
47 81
46 78
87 41
83 14
68 37
11 11
12 68
55 49
25 70
26 30
97 34
28 76
13 49
8 42
24 41
47 72
12 93
72 73
79 1
25 72
64 10
74 58
49 81
69 67
51 60
39 61
95 56
33 45
32 80
97 22
27 68
37 84
37 27
38 52
89 66
33 42
62 17
35 85
63 27
94 31
11 10
12 27
82 83
51 72
11 24
59 23
14 70
19 43
64 93
69 96
1 81
35 7
9 65
45 16
77 20
37 31
67 23
30 10
24 45
55 39
19 90
X
54 41
80 77
30 21
65 37
73 30
3 73
14 63
46 45
11 71
87 98
66 93
50 75
36 83
78 1
89 98
94 2
25 27
1 88
95 79
19 95
2 51
38 42
58 76
10 16
18 57
40 59
62 75
70 96
45 61
60 61
67 72
13 22
40 7
35 77
51 30
61 67
5 89
81 49
33 39
16 79
5 88
60 74
85 42
61 17
50 36
59 39
47 58
81 22
49 71
10 46
27 80
15 47
59 69
47 73
25 76
11 19
18 81
47 97
3 56
66 98
67 7
71 82
62 47
10 63
54 32
43 18
52 80
21 24
33 75
43 48
54 77
93 64
21 77
54 14
33 32
11 62
28 2
16 70
23 33
96 33
42 1
49 53
26 22
37 44
14 17
57 88
18 12
74 75
36 48
76 63
6 6
90 84
46 36
80 55
29 24
46 44
89 16
40 56
34 35
13 72
76 29
20 33
25 91
10 3
70 27
15 35
70 22
6 61
95 26
55 75
72 32
72 74
23 1
73 26
90 93
90 55
83 13
13 60
30 45
37 14
77 88
79 24
77 4
84 87
20 64
96 39
82 87
40 6
7 50
34 15
12 39
68 87
43 74
68 31
7 72
1 13
88 4
83 77
39 56
96 68
49 34
83 6
50 11
57 83
66 96
84 47
48 24
93 81
77 31
91 15
17 41
75 50
77 42
79 20
49 66
60 36
80 76
75 34
4 90
93 68
74 97
21 10
28 47
9 22
44 38
33 20
30 24
8 46
4 88
97 44
43 89
92 51
57 3
30 80
16 47
1 45
45 25
25 34
22 67
26 61
42 60
73 60
28 85
70 36
26 70
59 67
36 44
55 59
12 37
84 39
95 44
91 60
83 80
93 71
44 25
66 87
26 39
70 70
8 79
92 94
31 74
61 94
90 66
90 44
63 30
22 96
82 90
96 47
79 21
87 88
67 46
61 69
60 37
4 97
15 80
19 41
42 23
42 18
24 77
57 12
90 85
44 42
65 19
51 81
35 89
46 61
78 93
85 66
6 35
97 93
52 23
8 43
68 96
53 25
18 64
64 46
58 97
88 88
79 33
5 70
85 11
98 44
35 88
70 73
59 87
62 16
19 35
58 91
70 65
93 21
X
63 29
35 75
18 1
62 79
37 96
3 7
X
88 87
1 66
91 12
97 84
82 52
95 5
57 61
74 88
57 75
X
32 36
60 22
50 56
11 64
92 42
28 8
21 45
33 52
15 69
91 27
8 86
8 67
17 22
87 55
13 9
29 52
67 71
91 4
12 6
47 6
33 11
73 16
95 14
76 24
2 0
1 27
20 27
43 28
87 49
77 24
0 50
43 53
27 39
18 62
0 15
20 62
38 0
30 15
52 60
32 31
89 62
65 69
26 73
90 0
98 78
29 75
23 90
31 92
X
X
30 39
X
65 90
90 46
X
86 83
X
38 31
41 75
X
X
X
12 1
48 31
5 61
X
X
X
X
X
38 1
94 46
X
X
X
X
11 61
X
69 90
43 1
31 39
X
8 91
63 75
20 70
X
79 75
56 31
X
54 1
35 39
5 97
69 53
X
74 53
X
80 1
X
70 31
X
78 15
76 53
78 31
X
11 91
X
X
82 31
84 1
X
67 39
X
47 70
X
X
86 53
67 70
13 61
95 39
6 40
X
X
X
X
15 91
88 53
7 2
88 83
94 83
X
17 91
9 25
X
X
X
8 40
X
79 15
X
21 2
53 61
79 61
X
4 76
X
12 25
27 91
26 76
X
83 61
98 31
13 16
X
X
X
29 97
X
71 70
X
35 62
89 53
X
17 16
X
X
X
X
8 47
23 47
X
23 2
31 25
11 54
13 40
X
3 32
17 54
63 76
X
17 40
X
X
90 76
X
X
X
44 54
X
X
85 16
X
61 47
31 2
X
45 40
39 97
58 54
6 84
10 84
X
X
32 2
72 47
0 98
13 77
17 84
28 91
10 32
X
80 54
X
52 91
77 47
X
X
24 84
75 91
X
36 62
77 91
X
15 77
59 40
43 62
X
X
25 84
X
40 25
91 16
10 17
79 84
66 40
90 70
31 32
X
X
6 98
17 17
X
55 32
X
X
X
X
X
80 47
X
X
6 85
92 70
94 70
X
X
27 98
X
50 62
95 70
83 40
65 62
37 77
48 85
88 2
95 47
1 48
41 48
55 85
70 32
8 41
X
4 71
35 63
X
42 63
58 85
30 98
51 25
X
X
15 71
X
X
21 17
X
20 41
18 71
19 71
X
X
33 17
X
44 48
62 25
4 3
X
39 17
X
63 25
86 54
60 85
93 91
16 92
54 63
68 98
X
32 3
X
67 63
91 98
X
X
X
61 85
X
5 55
X
X
90 63
50 48
91 63
X
X
81 85
81 25
40 77
31 71
71 32
X
59 71
96 32
87 85
X
65 48
X
X
1 64
82 25
35 92
X
53 17
X
85 25
X
15 64
48 77
X
86 3
X
5 33
6 26
X
X
X
X
65 17
X
87 3
26 41
X
11 33
61 77
X
20 55
X
X
27 41
7 4
67 55
60 71
X
81 48
24 26
82 48
X
67 77
2 49
27 64
X
X
X
29 4
X
69 55
X
30 26
X
77 17
33 64
X
X
46 64
X
74 64
X
51 4
X
95 64
94 55
X
X
18 65
4 49
X
58 4
76 71
34 65
53 65
8 49
90 17
X
17 5
X
X
X
2 86
31 26
28 49
32 41
14 18
X
X
18 5
X
X
X
42 5
X
X
98 71
X
61 65
13 33
34 41
11 86
1 72
11 56
X
38 33
33 26
58 26
55 5
94 77
X
X
11 72
79 5
X
X
61 26
X
48 56
67 26
35 49
37 92
X
X
X
X
X
67 41
X
X
X
X
X
X
52 56
X
X
88 5
17 6
X
36 49
13 86
X
46 33
24 6
41 92
X
56 33
20 72
X
X
83 26
X
33 18
59 92
74 92
52 6
95 77
X
X
X
X
X
86 41
X
64 49
X
26 78
X
46 18
90 26
X
80 92
X
57 33
X
27 78
30 86
28 78
60 56
X
42 78
88 41
21 72
X
77 56
X
X
8 57
X
X
65 65
X
X
X
X
6 42
75 33
X
X
19 57
91 92
X
X
X
X
X
X
15 34
X
52 18
7 7
27 34
X
20 42
X
X
53 18
12 7
X
65 49
23 72
28 72
31 86
96 49
X
51 34
86 18
36 86
X
96 26
14 7
X
X
22 42
X
X
51 86
28 42
X
X
X
X
X
3 27
1 19
92 92
57 34
X
X
X
14 19
X
X
4 50
17 7
66 34
X
28 57
29 42
X
71 34
31 57
56 42
18 19
X
X
X
91 34
36 72
23 35
76 78
84 78
54 86
80 65
35 19
68 42
15 27
X
X
55 19
39 57
23 7
X
X
X
X
60 86
41 57
86 42
X
X
X
63 35
X
42 7
94 92
73 86
30 43
5 20
97 92
8 93
X
81 86
X
50 72
47 7
8 50
X
45 43
X
49 57
28 50
58 57
84 65
X
73 35
X
X
64 72
X
X
17 20
73 43
X
29 50
X
X
36 50
X
83 86
50 7
X
44 50
10 93
90 65
58 7
63 7
X
X
95 65
78 35
18 27
93 78
48 50
5 87
X
85 35
95 78
71 7
X
X
67 57
51 50
87 7
11 8
33 66
65 8
X
70 8
98 50
69 72
87 35
87 43
X
13 87
37 66
X
24 36
96 57
X
X
93 27
72 72
94 27
X
97 57
X
X
33 87
97 43
59 66
20 58
4 51
74 8
X
5 51
X
X
X
39 51
X
X
51 51
40 9
56 9
70 20
66 66
X
22 44
X
62 9
18 28
5 10
X
76 66
82 20
37 87
X
7 10
X
X
X
81 66
31 93
X
X
X
21 28
X
X
X
85 20
27 58
91 20
52 51
X
X
28 58
9 67
X
6 21
15 10
X
38 58
X
62 93
39 44
X
35 10
56 87
57 51
62 51
70 44
X
41 10
10 21
X
44 58
87 44
75 51
X
21 21
X
X
X
13 79
X
X
X
37 36
42 36
X
X
X
X
X
42 10
75 72
76 93
61 36
X
10 67
79 10
X
74 87
X
76 87
77 51
79 87
X
X
39 11
X
X
80 93
X
91 44
X
85 51
94 44
X
4 94
6 94
96 11
X
X
X
X
14 88
X
X
X
96 36
90 51
54 58
21 94
3 12
50 79
X
X
26 28
2 59
X
10 37
41 67
55 79
19 73
X
36 45
78 79
8 12
X
X
X
24 94
84 79
31 94
43 94
20 73
X
47 28
X
X
X
27 21
X
X
X
23 37
36 73
X
39 21
X
39 45
X
34 88
56 94
X
X
X
11 59
X
29 37
53 28
X
50 67
X
7 80
36 88
X
30 37
38 37
19 80
X
55 88
98 51
X
X
X
36 52
13 59
43 37
76 28
88 28
21 29
52 73
X
83 94
X
62 88
X
X
57 73
26 12
X
18 59
X
X
X
X
44 37
40 12
0 95
X
X
45 37
66 37
46 21
48 45
28 80
56 29
49 12
X
77 67
22 95
47 52
53 45
52 21
83 67
24 95
67 45
X
13 89
60 29
24 59
77 45
X
82 73
X
X
97 67
61 29
X
22 13
X
43 59
X
80 45
53 80
96 45
52 52
54 21
34 95
0 68
X
X
42 95
X
X
70 95
X
X
58 21
X
X
X
X
47 59
X
X
X
58 80
X
74 21
X
3 30
1 68
X
X
8 30
68 80
5 74
X
X
75 21
27 74
X
X
77 21
X
X
53 59
70 80
X
12 46
55 46
X
70 46
X
X
86 37
11 22
67 22
X
X
X
X
56 52
73 95
22 30
X
X
77 13
X
28 74
53 74
25 30
94 37
X
X
64 59
X
X
33 38
X
X
69 22
83 95
X
X
71 52
61 89
X
85 52
72 89
85 80
73 59
X
X
87 52
67 74
77 89
15 53
X
10 68
X
X
X
96 89
X
X
24 53
8 96
X
94 59
X
X
87 80
X
X
30 30
29 68
38 68
16 81
X
X
97 59
25 53
15 96
X
39 68
X
74 22
13 14
X
17 14
9 60
29 81
80 22
X
X
67 81
69 68
20 14
X
92 22
X
5 90
X
98 68
X
X
39 53
X
X
X
0 69
41 38
X
82 74
54 38
13 23
X
X
6 90
X
40 23
X
X
4 69
18 75
X
27 82
X
X
27 90
X
17 96
X
X
X
11 69
X
39 82
36 30
X
44 96
60 53
X
X
75 46
X
X
45 82
61 53
X
X
39 90
X
75 30
X
X
27 14
X
X
14 69
X
X
X
55 82
X
44 90
X
X
59 38
27 60
54 90
X
57 23
X
40 60
59 96
87 46
63 38
78 82
X
X
X
76 23
X
80 30
42 24
X
22 69
X
X
44 60
X
X
57 90
X
27 83
28 83
56 69
83 38
49 14
23 75
X
X
47 60
45 24
54 83
77 69
66 83
87 38
69 83
X
64 96
24 75
78 14
48 60
79 14
X
X
X
X
81 96
1 97
93 69
X
68 24