59 1
60 1
61 1
62 1
63 1
64 1
65 1
66 1
74 1
75 1
76 1
79 1
81 1
83 1
87 1
89 1
90 1
91 1
126 1
129 1
130 1
155 1
157 1
9 2
10 2
11 2
12 2
41 2
45 2
46 2
47 2
48 2
49 2
64 2
66 2
69 2
79 2
81 2
83 2
87 2
89 2
91 2
126 2
128 2
130 2
155 2
158 2
164 2
165 2
166 2
179 2
180 2
181 2
182 2
191 2
192 2
193 2
194 2
195 2
12 3
43 3
47 3
49 3
53 3
54 3
55 3
56 3
59 3
60 3
62 3
63 3
64 3
65 3
66 3
69 3
70 3
71 3
74 3
75 3
79 3
81 3
83 3
87 3
89 3
91 3
126 3
128 3
130 3
155 3
157 3
158 3
167 3
180 3
182 3
193 3
195 3
9 4
10 4
11 4
12 4
41 4
49 4
53 4
59 4
61 4
64 4
66 4
69 4
71 4
74 4
76 4
79 4
81 4
82 4
83 4
87 4
88 4
89 4
91 4
126 4
127 4
128 4
129 4
130 4
155 4
158 4
164 4
165 4
166 4
167 4
178 4
182 4
191 4
193 4
195 4
12 5
17 5
18 5
19 5
20 5
21 5
22 5
23 5
29 5
30 5
31 5
32 5
33 5
41 5
42 5
45 5
48 5
49 5
53 5
54 5
55 5
56 5
59 5
61 5
64 5
66 5
69 5
76 5
98 5
99 5
100 5
101 5
155 5
156 5
157 5
158 5
164 5
178 5
180 5
181 5
182 5
192 5
193 5
195 5
9 6
10 6
11 6
19 6
21 6
23 6
29 6
31 6
33 6
41 6
44 6
45 6
49 6
53 6
56 6
59 6
62 6
63 6
65 6
66 6
69 6
70 6
71 6
72 6
73 6
75 6
102 6
113 6
114 6
115 6
117 6
148 6
149 6
150 6
151 6
164 6
165 6
166 6
167 6
172 6
173 6
175 6
17 7
23 7
29 7
31 7
33 7
41 7
42 7
45 7
48 7
49 7
53 7
55 7
56 7
59 7
64 7
66 7
69 7
75 7
86 7
87 7
88 7
89 7
90 7
98 7
100 7
102 7
117 7
147 7
151 7
171 7
175 7
17 8
19 8
21 8
23 8
31 8
32 8
49 8
60 8
62 8
63 8
64 8
65 8
69 8
70 8
71 8
86 8
88 8
90 8
98 8
99 8
102 8
113 8
116 8
117 8
126 8
127 8
149 8
151 8
155 8
156 8
157 8
158 8
159 8
160 8
161 8
171 8
174 8
175 8
188 8
189 8
191 8
11 9
17 9
19 9
20 9
21 9
22 9
23 9
45 9
47 9
86 9
88 9
113 9
117 9
120 9
121 9
127 9
135 9
137 9
138 9
139 9
140 9
141 9
147 9
148 9
150 9
151 9
155 9
157 9
160 9
171 9
175 9
192 9
6 10
7 10
11 10
13 10
41 10
42 10
44 10
47 10
48 10
49 10
86 10
88 10
89 10
90 10
113 10
114 10
116 10
117 10
120 10
121 10
122 10
123 10
124 10
125 10
126 10
127 10
135 10
140 10
141 10
155 10
156 10
157 10
158 10
159 10
160 10
171 10
172 10
174 10
188 10
191 10
192 10
6 11
7 11
9 11
10 11
11 11
12 11
13 11
61 11
63 11
65 11
66 11
113 11
117 11
120 11
122 11
125 11
127 11
135 11
136 11
137 11
138 11
139 11
140 11
155 11
157 11
160 11
162 11
171 11
175 11
188 11
192 11
6 12
8 12
13 12
23 12
24 12
25 12
26 12
27 12
28 12
66 12
77 12
79 12
80 12
96 12
97 12
99 12
100 12
101 12
113 12
114 12
115 12
116 12
117 12
122 12
125 12
137 12
140 12
155 12
157 12
160 12
162 12
171 12
172 12
173 12
188 12
189 12
192 12
6 13
8 13
11 13
13 13
23 13
28 13
61 13
66 13
77 13
80 13
95 13
100 13
106 13
107 13
109 13
110 13
120 13
121 13
122 13
123 13
124 13
126 13
127 13
137 13
140 13
155 13
156 13
158 13
159 13
160 13
161 13
188 13
192 13
6 14
7 14
10 14
12 14
23 14
28 14
49 14
51 14
52 14
53 14
54 14
61 14
64 14
65 14
66 14
77 14
78 14
80 14
95 14
96 14
98 14
100 14
106 14
110 14
120 14
122 14
126 14
137 14
139 14
140 14
141 14
142 14
155 14
157 14
160 14
188 14
189 14
190 14
192 14
8 15
12 15
13 15
23 15
24 15
25 15
28 15
39 15
40 15
42 15
49 15
53 15
55 15
61 15
62 15
63 15
64 15
66 15
77 15
97 15
100 15
106 15
107 15
109 15
110 15
120 15
121 15
122 15
137 15
140 15
142 15
156 15
157 15
158 15
160 15
161 15
162 15
7 16
8 16
22 16
23 16
26 16
28 16
39 16
49 16
55 16
65 16
66 16
67 16
68 16
69 16
70 16
77 16
78 16
79 16
80 16
97 16
100 16
136 16
137 16
138 16
139 16
140 16
141 16
150 16
151 16
152 16
176 16
178 16
179 16
20 17
21 17
22 17
23 17
24 17
32 17
33 17
34 17
35 17
36 17
39 17
41 17
42 17
49 17
55 17
66 17
67 17
70 17
84 17
86 17
99 17
101 17
102 17
106 17
107 17
110 17
145 17
146 17
150 17
152 17
176 17
179 17
19 18
22 18
23 18
24 18
34 18
36 18
39 18
49 18
50 18
51 18
52 18
53 18
54 18
55 18
70 18
87 18
100 18
102 18
106 18
110 18
135 18
136 18
138 18
145 18
146 18
148 18
149 18
151 18
152 18
158 18
159 18
160 18
161 18
169 18
170 18
171 18
172 18
173 18
176 18
177 18
178 18
179 18
187 18
188 18
190 18
191 18
192 18
193 18
19 19
24 19
32 19
34 19
39 19
41 19
42 19
65 19
70 19
84 19
85 19
87 19
96 19
97 19
98 19
99 19
100 19
101 19
102 19
106 19
107 19
108 19
109 19
134 19
138 19
145 19
147 19
150 19
152 19
158 19
160 19
162 19
169 19
171 19
173 19
176 19
179 19
189 19
191 19
193 19
24 20
34 20
35 20
36 20
51 20
52 20
54 20
56 20
66 20
67 20
68 20
70 20
84 20
87 20
134 20
135 20
137 20
138 20
145 20
147 20
150 20
152 20
158 20
160 20
169 20
171 20
173 20
176 20
177 20
178 20
187 20
193 20
2 21
3 21
4 21
20 21
23 21
24 21
51 21
53 21
55 21
57 21
84 21
85 21
86 21
134 21
146 21
148 21
150 21
151 21
152 21
158 21
159 21
160 21
161 21
162 21
170 21
171 21
173 21
187 21
189 21
191 21
193 21
1 22
6 22
51 22
57 22
91 22
93 22
94 22
134 22
135 22
137 22
138 22
145 22
147 22
151 22
152 22
187 22
188 22
189 22
191 22
192 22
193 22
1 23
6 23
51 23
53 23
55 23
91 23
93 23
95 23
122 23
123 23
124 23
125 23
126 23
127 23
128 23
129 23
130 23
134 23
146 23
1 24
6 24
13 24
14 24
15 24
16 24
21 24
23 24
51 24
52 24
53 24
54 24
55 24
56 24
57 24
91 24
93 24
95 24
99 24
100 24
102 24
103 24
104 24
113 24
114 24
115 24
117 24
118 24
119 24
126 24
128 24
130 24
134 24
135 24
136 24
1 25
2 25
3 25
5 25
6 25
7 25
13 25
15 25
24 25
91 25
93 25
95 25
99 25
103 25
105 25
117 25
119 25
122 25
130 25
182 25
183 25
4 26
5 26
6 26
7 26
8 26
9 26
10 26
13 26
15 26
17 26
21 26
22 26
23 26
28 26
29 26
30 26
31 26
32 26
34 26
99 26
105 26
113 26
119 26
122 26
123 26
129 26
167 26
168 26
170 26
171 26
172 26
173 26
174 26
177 26
5 27
6 27
7 27
10 27
13 27
14 27
15 27
16 27
17 27
21 27
24 27
28 27
30 27
34 27
38 27
40 27
41 27
49 27
50 27
51 27
52 27
53 27
74 27
76 27
77 27
78 27
79 27
80 27
81 27
84 27
85 27
86 27
87 27
88 27
101 27
103 27
105 27
113 27
115 27
117 27
119 27
125 27
126 27
127 27
130 27
167 27
169 27
172 27
174 27
177 27
178 27
179 27
181 27
182 27
183 27
184 27
10 28
21 28
22 28
24 28
28 28
29 28
30 28
31 28
38 28
49 28
51 28
74 28
76 28
79 28
81 28
84 28
86 28
99 28
100 28
101 28
102 28
103 28
114 28
116 28
119 28
122 28
126 28
130 28
149 28
150 28
151 28
152 28
153 28
167 28
168 28
169 28
170 28
171 28
172 28
173 28
174 28
177 28
179 28
184 28
5 29
30 29
33 29
38 29
39 29
40 29
41 29
51 29
53 29
74 29
75 29
77 29
78 29
79 29
80 29
81 29
84 29
86 29
88 29
122 29
130 29
142 29
143 29
144 29
145 29
149 29
151 29
153 29
158 29
160 29
161 29
167 29
169 29
172 29
174 29
179 29
182 29
192 29
193 29
5 30
6 30
7 30
8 30
9 30
10 30
33 30
38 30
41 30
49 30
50 30
51 30
52 30
53 30
74 30
79 30
81 30
84 30
85 30
87 30
94 30
95 30
96 30
97 30
98 30
128 30
130 30
142 30
145 30
149 30
151 30
153 30
158 30
161 30
167 30
169 30
172 30
174 30
178 30
179 30
180 30
181 30
182 30
183 30
192 30
194 30
196 30
32 31
33 31
35 31
38 31
39 31
40 31
41 31
62 31
63 31
64 31
65 31
66 31
74 31
76 31
79 31
81 31
94 31
98 31
104 31
105 31
106 31
107 31
108 31
109 31
110 31
111 31
112 31
122 31
123 31
124 31
126 31
128 31
129 31
130 31
142 31
143 31
144 31
149 31
150 31
151 31
152 31
153 31
158 31
159 31
160 31
161 31
167 31
168 31
170 31
172 31
173 31
174 31
179 31
183 31
192 31
194 31
20 32
21 32
22 32
23 32
29 32
30 32
35 32
51 32
52 32
53 32
54 32
55 32
56 32
57 32
67 32
74 32
75 32
76 32
77 32
79 32
80 32
81 32
85 32
87 32
88 32
94 32
96 32
98 32
104 32
106 32
108 32
110 32
112 32
145 32
158 32
161 32
167 32
169 32
172 32
174 32
177 32
178 32
179 32
192 32
193 32
194 32
195 32
196 32
20 33
23 33
29 33
30 33
31 33
34 33
51 33
53 33
55 33
57 33
67 33
74 33
76 33
81 33
85 33
87 33
89 33
95 33
96 33
97 33
98 33
104 33
112 33
142 33
143 33
144 33
145 33
158 33
159 33
160 33
161 33
167 33
168 33
170 33
171 33
172 33
173 33
21 34
22 34
23 34
51 34
67 34
74 34
75 34
76 34
77 34
81 34
85 34
87 34
89 34
105 34
108 34
111 34
112 34
20 35
23 35
51 35
53 35
55 35
57 35
62 35
63 35
64 35
65 35
66 35
67 35
68 35
85 35
86 35
87 35
88 35
89 35
104 35
107 35
109 35
112 35
125 35
126 35
127 35
128 35
178 35
179 35
180 35
182 35
183 35
188 35
189 35
190 35
192 35
11 36
12 36
13 36
20 36
21 36
22 36
23 36
38 36
39 36
40 36
41 36
42 36
44 36
45 36
46 36
51 36
52 36
53 36
54 36
55 36
56 36
57 36
65 36
66 36
68 36
69 36
70 36
71 36
78 36
79 36
80 36
104 36
105 36
108 36
112 36
125 36
128 36
142 36
143 36
145 36
146 36
147 36
158 36
159 36
160 36
162 36
180 36
188 36
11 37
38 37
40 37
42 37
44 37
46 37
66 37
67 37
68 37
71 37
76 37
78 37
104 37
118 37
119 37
120 37
125 37
126 37
128 37
142 37
147 37
151 37
152 37
153 37
154 37
158 37
162 37
178 37
184 37
191 37
11 38
12 38
13 38
14 38
38 38
46 38
71 38
78 38
104 38
106 38
108 38
112 38
117 38
121 38
125 38
128 38
131 38
132 38
133 38
134 38
142 38
147 38
155 38
158 38
159 38
161 38
162 38
168 38
169 38
171 38
172 38
180 38
182 38
184 38
192 38
1 39
2 39
3 39
4 39
14 39
38 39
39 39
42 39
45 39
46 39
71 39
76 39
77 39
79 39
80 39
104 39
105 39
106 39
107 39
108 39
110 39
112 39
117 39
118 39
120 39
121 39
125 39
126 39
127 39
128 39
131 39
134 39
142 39
143 39
151 39
152 39
155 39
158 39
162 39
168 39
170 39
172 39
178 39
179 39
180 39
182 39
183 39
188 39
189 39
191 39
192 39
1 40
4 40
11 40
13 40
14 40
23 40
24 40
25 40
26 40
27 40
28 40
29 40
38 40
41 40
42 40
43 40
46 40
49 40
50 40
51 40
52 40
54 40
55 40
66 40
67 40
69 40
70 40
71 40
91 40
92 40
94 40
117 40
121 40
131 40
133 40
141 40
142 40
143 40
145 40
146 40
147 40
151 40
159 40
162 40
168 40
172 40
188 40
192 40
2 41
3 41
4 41
23 41
25 41
28 41
29 41
39 41
42 41
45 41
46 41
51 41
53 41
55 41
90 41
92 41
94 41
117 41
118 41
120 41
121 41
131 41
138 41
139 41
140 41
141 41
142 41
143 41
144 41
151 41
152 41
158 41
162 41
168 41
170 41
171 41
172 41
188 41
190 41
191 41
192 41
4 42
14 42
15 42
16 42
23 42
24 42
25 42
26 42
27 42
28 42
38 42
46 42
49 42
55 42
90 42
94 42
117 42
121 42
131 42
133 42
134 42
138 42
142 42
143 42
155 42
158 42
159 42
161 42
162 42
1 43
3 43
4 43
13 43
17 43
25 43
28 43
38 43
42 43
44 43
46 43
49 43
51 43
53 43
90 43
91 43
92 43
94 43
118 43
119 43
120 43
121 43
143 43
151 43
152 43
154 43
155 43
13 44
14 44
16 44
17 44
25 44
28 44
38 44
39 44
41 44
42 44
43 44
44 44
45 44
46 44
49 44
50 44
51 44
52 44
53 44
54 44
68 44
70 44
81 44
82 44
138 44
143 44
13 45
25 45
26 45
27 45
28 45
29 45
63 45
64 45
68 45
70 45
76 45
77 45
81 45
83 45
124 45
126 45
127 45
128 45
129 45
130 45
138 45
139 45
140 45
141 45
142 45
143 45
6 46
7 46
8 46
9 46
10 46
13 46
16 46
24 46
25 46
28 46
41 46
43 46
44 46
65 46
67 46
68 46
69 46
70 46
76 46
77 46
78 46
79 46
80 46
81 46
82 46
83 46
124 46
126 46
129 46
130 46
167 46
168 46
169 46
171 46
172 46
173 46
190 46
191 46
192 46
193 46
194 46
10 47
13 47
17 47
24 47
26 47
27 47
28 47
29 47
30 47
41 47
44 47
47 47
48 47
49 47
50 47
51 47
52 47
53 47
54 47
55 47
63 47
68 47
76 47
78 47
81 47
103 47
104 47
105 47
106 47
115 47
116 47
118 47
119 47
124 47
125 47
126 47
128 47
129 47
169 47
172 47
173 47
190 47
194 47
6 48
7 48
10 48
14 48
15 48
16 48
41 48
42 48
43 48
47 48
63 48
65 48
70 48
76 48
78 48
81 48
83 48
103 48
106 48
115 48
119 48
126 48
129 48
168 48
169 48
170 48
171 48
179 48
180 48
182 48
183 48
191 48
193 48
194 48
6 49
25 49
26 49
27 49
28 49
31 49
32 49
33 49
34 49
35 49
36 49
37 49
38 49
41 49
44 49
47 49
64 49
65 49
66 49
67 49
68 49
69 49
76 49
77 49
78 49
79 49
80 49
81 49
82 49
83 49
103 49
104 49
105 49
106 49
115 49
116 49
126 49
129 49
152 49
153 49
154 49
155 49
156 49
157 49
158 49
159 49
160 49
169 49
172 49
183 49
190 49
194 49
6 50
9 50
10 50
28 50
31 50
33 50
36 50
38 50
41 50
42 50
43 50
44 50
47 50
48 50
51 50
54 50
63 50
65 50
69 50
70 50
82 50
96 50
97 50
98 50
103 50
106 50
119 50
126 50
127 50
128 50
129 50
130 50
131 50
152 50
158 50
160 50
169 50
172 50
179 50
180 50
182 50
183 50
190 50
191 50
193 50
194 50
6 51
10 51
13 51
15 51
16 51
17 51
25 51
26 51
27 51
31 51
32 51
33 51
34 51
35 51
37 51
38 51
47 51
50 51
51 51
52 51
63 51
64 51
77 51
78 51
90 51
91 51
92 51
95 51
98 51
103 51
105 51
115 51
116 51
118 51
125 51
126 51
129 51
152 51
160 51
169 51
170 51
171 51
172 51
179 51
183 51
190 51
6 52
7 52
8 52
9 52
10 52
13 52
17 52
25 52
28 52
31 52
33 52
48 52
51 52
54 52
55 52
90 52
92 52
95 52
97 52
98 52
115 52
125 52
127 52
128 52
130 52
131 52
141 52
142 52
143 52
145 52
146 52
147 52
148 52
153 52
159 52
160 52
168 52
172 52
174 52
180 52
182 52
191 52
192 52
194 52
13 53
14 53
16 53
17 53
25 53
26 53
27 53
31 53
33 53
38 53
47 53
55 53
88 53
90 53
92 53
95 53
98 53
115 53
116 53
117 53
143 53
146 53
148 53
152 53
155 53
157 53
160 53
168 53
169 53
171 53
172 53
173 53
174 53
179 53
183 53
13 54
31 54
32 54
33 54
34 54
35 54
36 54
37 54
47 54
49 54
51 54
53 54
55 54
77 54
78 54
79 54
80 54
81 54
88 54
89 54
90 54
92 54
95 54
96 54
97 54
98 54
131 54
134 54
142 54
143 54
144 54
145 54
147 54
148 54
152 54
153 54
159 54
160 54
179 54
180 54
13 55
14 55
16 55
17 55
31 55
33 55
36 55
38 55
47 55
48 55
50 55
51 55
52 55
54 55
55 55
77 55
81 55
105 55
106 55
108 55
110 55
131 55
141 55
143 55
148 55
152 55
160 55
13 56
17 56
31 56
32 56
33 56
34 56
35 56
36 56
37 56
38 56
68 56
69 56
70 56
71 56
72 56
73 56
74 56
77 56
78 56
80 56
81 56
85 56
86 56
87 56
88 56
89 56
105 56
120 56
122 56
123 56
124 56
132 56
133 56
134 56
141 56
146 56
148 56
152 56
154 56
158 56
160 56
164 56
165 56
166 56
168 56
191 56
194 56
195 56
13 57
14 57
15 57
17 57
68 57
70 57
72 57
74 57
77 57
85 57
87 57
89 57
105 57
110 57
119 57
123 57
125 57
131 57
134 57
141 57
142 57
143 57
144 57
145 57
147 57
148 57
152 57
154 57
155 57
156 57
157 57
158 57
159 57
160 57
164 57
191 57
195 57
197 57
5 58
6 58
7 58
8 58
56 58
57 58
58 58
59 58
60 58
61 58
62 58
78 58
80 58
81 58
85 58
87 58
89 58
105 58
107 58
110 58
119 58
125 58
131 58
133 58
143 58
148 58
164 58
169 58
176 58
177 58
178 58
179 58
191 58
197 58
5 59
8 59
56 59
58 59
60 59
62 59
68 59
70 59
72 59
74 59
77 59
81 59
85 59
86 59
87 59
88 59
89 59
104 59
106 59
107 59
108 59
109 59
110 59
121 59
125 59
141 59
142 59
143 59
144 59
145 59
148 59
164 59
169 59
176 59
179 59
191 59
193 59
195 59
197 59
5 60
6 60
7 60
8 60
19 60
21 60
22 60
23 60
56 60
62 60
68 60
69 60
70 60
71 60
72 60
73 60
74 60
78 60
79 60
80 60
81 60
101 60
102 60
103 60
105 60
106 60
107 60
120 60
122 60
123 60
124 60
125 60
157 60
158 60
159 60
160 60
165 60
166 60
167 60
168 60
169 60
170 60
177 60
178 60
179 60
191 60
192 60
193 60
194 60
195 60
196 60
19 61
23 61
58 61
60 61
62 61
101 61
104 61
105 61
106 61
156 61
158 61
160 61
167 61
168 61
171 61
173 61
176 61
179 61
5 62
6 62
7 62
8 62
19 62
21 62
38 62
39 62
40 62
41 62
42 62
43 62
44 62
45 62
46 62
56 62
57 62
58 62
59 62
60 62
62 62
91 62
92 62
93 62
94 62
95 62
97 62
101 62
106 62
130 62
131 62
156 62
158 62
160 62
168 62
169 62
173 62
176 62
177 62
178 62
179 62
19 63
20 63
21 63
22 63
23 63
30 63
32 63
33 63
34 63
38 63
40 63
42 63
72 63
73 63
74 63
75 63
91 63
96 63
97 63
101 63
106 63
128 63
130 63
132 63
156 63
158 63
159 63
160 63
168 63
32 64
34 64
46 64
72 64
75 64
91 64
92 64
93 64
94 64
95 64
96 64
103 64
105 64
106 64
130 64
143 64
144 64
145 64
147 64
148 64
149 64
23 65
24 65
25 65
34 65
38 65
39 65
42 65
45 65
46 65
72 65
73 65
74 65
75 65
93 65
129 65
130 65
131 65
143 65
145 65
149 65
168 65
169 65
170 65
172 65
173 65
186 65
187 65
189 65
190 65
25 66
30 66
31 66
33 66
34 66
38 66
42 66
43 66
46 66
72 66
75 66
96 66
143 66
149 66
186 66
188 66
190 66
11 67
12 67
14 67
16 67
17 67
21 67
23 67
25 67
38 67
39 67
42 67
45 67
46 67
52 67
54 67
55 67
56 67
72 67
73 67
74 67
75 67
93 67
94 67
95 67
96 67
98 67
116 67
117 67
118 67
120 67
124 67
125 67
127 67
128 67
129 67
130 67
143 67
145 67
147 67
149 67
186 67
188 67
190 67
11 68
16 68
21 68
22 68
23 68
24 68
25 68
38 68
46 68
52 68
54 68
56 68
83 68
84 68
85 68
86 68
87 68
88 68
96 68
98 68
102 68
103 68
104 68
105 68
107 68
116 68
118 68
124 68
126 68
128 68
130 68
143 68
145 68
148 68
149 68
155 68
156 68
157 68
186 68
187 68
188 68
189 68
190 68
11 69
12 69
14 69
15 69
16 69
38 69
40 69
46 69
52 69
88 69
92 69
93 69
94 69
95 69
96 69
97 69
102 69
107 69
118 69
120 69
124 69
130 69
157 69
178 69
179 69
181 69
13 70
16 70
39 70
40 70
41 70
42 70
43 70
44 70
46 70
52 70
53 70
54 70
55 70
56 70
69 70
70 70
83 70
88 70
102 70
107 70
117 70
118 70
119 70
120 70
124 70
126 70
130 70
134 70
135 70
136 70
137 70
138 70
139 70
140 70
141 70
154 70
155 70
157 70
177 70
179 70
181 70
4 71
5 71
6 71
7 71
8 71
16 71
64 71
65 71
69 71
71 71
83 71
84 71
85 71
102 71
105 71
107 71
124 71
125 71
126 71
127 71
128 71
129 71
130 71
134 71
136 71
139 71
141 71
154 71
157 71
179 71
181 71
4 72
8 72
13 72
14 72
15 72
16 72
17 72
28 72
64 72
65 72
66 72
67 72
68 72
69 72
70 72
71 72
82 72
83 72
84 72
86 72
87 72
102 72
103 72
104 72
107 72
108 72
134 72
135 72
136 72
137 72
138 72
139 72
140 72
141 72
154 72
155 72
156 72
157 72
168 72
170 72
171 72
177 72
178 72
179 72
180 72
181 72
4 73
7 73
8 73
12 73
13 73
16 73
18 73
27 73
30 73
34 73
36 73
37 73
55 73
56 73
57 73
64 73
66 73
69 73
71 73
79 73
80 73
82 73
83 73
84 73
85 73
105 73
106 73
108 73
109 73
110 73
111 73
134 73
136 73
185 73
186 73
188 73
189 73
190 73
4 74
8 74
12 74
13 74
14 74
17 74
18 74
27 74
28 74
29 74
30 74
34 74
37 74
40 74
41 74
42 74
43 74
44 74
50 74
51 74
55 74
57 74
64 74
66 74
69 74
71 74
79 74
82 74
83 74
84 74
106 74
107 74
108 74
121 74
122 74
123 74
124 74
125 74
134 74
136 74
139 74
141 74
159 74
160 74
162 74
163 74
164 74
165 74
168 74
169 74
170 74
185 74
190 74
4 75
5 75
7 75
8 75
27 75
30 75
35 75
36 75
42 75
44 75
50 75
52 75
54 75
55 75
56 75
64 75
65 75
66 75
69 75
70 75
71 75
79 75
84 75
106 75
111 75
121 75
125 75
134 75
135 75
136 75
137 75
138 75
140 75
141 75
147 75
148 75
149 75
150 75
161 75
163 75
168 75
171 75
185 75
190 75
4 76
8 76
11 76
12 76
13 76
14 76
15 76
17 76
27 76
28 76
29 76
34 76
37 76
40 76
44 76
52 76
55 76
57 76
64 76
66 76
70 76
79 76
84 76
106 76
111 76
121 76
122 76
125 76
134 76
136 76
139 76
141 76
146 76
150 76
159 76
165 76
168 76
169 76
170 76
171 76
174 76
175 76
176 76
177 76
178 76
179 76
180 76
185 76
188 76
189 76
4 77
6 77
7 77
8 77
11 77
13 77
15 77
17 77
34 77
35 77
36 77
37 77
40 77
41 77
42 77
43 77
44 77
50 77
52 77
55 77
57 77
64 77
65 77
66 77
79 77
80 77
81 77
83 77
106 77
107 77
108 77
109 77
110 77
121 77
125 77
134 77
135 77
136 77
137 77
138 77
140 77
146 77
148 77
150 77
161 77
165 77
174 77
179 77
180 77
185 77
189 77
190 77
191 77
11 78
17 78
24 78
25 78
26 78
27 78
50 78
51 78
52 78
53 78
54 78
55 78
56 78
57 78
121 78
122 78
124 78
146 78
148 78
149 78
159 78
160 78
161 78
162 78
163 78
164 78
175 78
177 78
178 78
188 78
189 78
190 78
191 78
192 78
193 78
194 78
11 79
15 79
24 79
26 79
28 79
50 79
52 79
56 79
57 79
93 79
94 79
95 79
96 79
97 79
121 79
125 79
176 79
179 79
189 79
190 79
191 79
194 79
11 80
12 80
13 80
14 80
16 80
17 80
26 80
28 80
50 80
51 80
52 80
74 80
75 80
77 80
78 80
93 80
97 80
114 80
116 80
117 80
118 80
121 80
122 80
124 80
125 80
140 80
143 80
176 80
179 80
189 80
194 80
24 81
27 81
28 81
74 81
76 81
78 81
83 81
84 81
85 81
86 81
87 81
94 81
96 81
97 81
118 81
139 81
141 81
143 81
176 81
177 81
178 81
179 81
180 81
42 82
43 82
44 82
45 82
46 82
74 82
83 82
85 82
87 82
93 82
97 82
139 82
141 82
143 82
152 82
153 82
154 82
155 82
162 82
163 82
164 82
165 82
175 82
176 82
179 82
192 82
193 82
194 82
21 83
22 83
23 83
24 83
25 83
26 83
41 83
46 83
56 83
57 83
58 83
59 83
60 83
74 83
75 83
76 83
77 83
78 83
83 83
85 83
87 83
93 83
96 83
97 83
114 83
118 83
139 83
140 83
142 83
143 83
161 83
166 83
176 83
177 83
178 83
179 83
180 83
181 83
7 84
8 84
9 84
10 84
11 84
21 84
23 84
25 84
27 84
41 84
46 84
49 84
50 84
51 84
52 84
53 84
56 84
60 84
83 84
84 84
85 84
86 84
87 84
93 84
97 84
107 84
108 84
109 84
110 84
114 84
118 84
124 84
125 84
126 84
127 84
128 84
153 84
154 84
155 84
161 84
7 85
12 85
27 85
43 85
46 85
49 85
53 85
56 85
57 85
59 85
60 85
93 85
94 85
95 85
96 85
107 85
110 85
114 85
118 85
122 85
124 85
127 85
128 85
155 85
161 85
164 85
165 85
166 85
21 86
23 86
25 86
40 86
41 86
42 86
44 86
45 86
46 86
49 86
52 86
53 86
56 86
60 86
69 86
70 86
73 86
74 86
75 86
76 86
81 86
82 86
83 86
84 86
107 86
109 86
114 86
115 86
118 86
122 86
123 86
124 86
125 86
126 86
127 86
152 86
153 86
154 86
155 86
161 86
162 86
164 86
165 86
167 86
191 86
192 86
193 86
194 86
7 87
10 87
21 87
22 87
24 87
26 87
27 87
30 87
31 87
32 87
37 87
38 87
39 87
40 87
42 87
43 87
49 87
53 87
56 87
57 87
59 87
60 87
71 87
74 87
76 87
107 87
124 87
127 87
165 87
166 87
167 87
168 87
170 87
191 87
194 87
7 88
8 88
9 88
10 88
11 88
13 88
33 88
37 88
41 88
49 88
50 88
52 88
53 88
56 88
60 88
71 88
72 88
73 88
76 88
81 88
82 88
83 88
84 88
98 88
99 88
100 88
102 88
103 88
107 88
108 88
109 88
127 88
147 88
148 88
149 88
150 88
151 88
152 88
165 88
166 88
167 88
186 88
187 88
188 88
191 88
193 88
194 88
10 89
11 89
12 89
13 89
14 89
15 89
16 89
32 89
37 89
49 89
56 89
57 89
58 89
59 89
69 89
71 89
74 89
76 89
81 89
84 89
91 89
92 89
93 89
94 89
102 89
104 89
114 89
116 89
117 89
124 89
125 89
126 89
127 89
128 89
129 89
136 89
137 89
138 89
139 89
140 89
141 89
147 89
149 89
154 89
165 89
170 89
185 89
188 89
191 89
194 89
12 90
13 90
16 90
37 90
51 90
52 90
53 90
71 90
76 90
81 90
82 90
83 90
94 90
98 90
114 90
118 90
123 90
127 90
129 90
141 90
142 90
148 90
149 90
150 90
151 90
152 90
153 90
154 90
165 90
170 90
180 90
181 90
182 90
186 90
187 90
188 90
191 90
192 90
193 90
194 90
1 91
3 91
4 91
11 91
16 91
30 91
31 91
32 91
33 91
37 91
38 91
39 91
41 91
70 91
71 91
72 91
73 91
74 91
76 91
92 91
93 91
94 91
98 91
100 91
102 91
104 91
114 91
115 91
117 91
118 91
123 91
124 91
125 91
126 91
127 91
128 91
129 91
136 91
138 91
139 91
140 91
141 91
147 91
152 91
154 91
165 91
166 91
167 91
168 91
170 91
175 91
176 91
180 91
182 91
185 91
188 91
1 92
11 92
16 92
71 92
76 92
91 92
94 92
98 92
100 92
101 92
102 92
103 92
104 92
114 92
118 92
138 92
141 92
147 92
149 92
152 92
154 92
175 92
176 92
178 92
179 92
180 92
181 92
182 92
187 92
188 92
1 93
2 93
3 93
4 93
11 93
13 93
14 93
16 93
61 93
63 93
64 93
69 93
70 93
71 93
72 93
73 93
74 93
84 93
85 93
86 93
87 93
92 93
94 93
114 93
117 93
138 93
141 93
147 93
148 93
149 93
151 93
153 93
154 93
159 93
160 93
161 93
162 93
163 93
175 93
177 93
182 93
193 93
194 93
196 93
4 94
27 94
28 94
29 94
30 94
31 94
32 94
43 94
44 94
61 94
64 94
84 94
88 94
138 94
139 94
142 94
147 94
149 94
154 94
159 94
161 94
163 94
175 94
177 94
180 94
182 94
1 95
3 95
4 95
27 95
31 95
33 95
41 95
44 95
61 95
62 95
63 95
64 95
84 95
85 95
87 95
114 95
115 95
117 95
118 95
137 95
138 95
141 95
143 95
147 95
148 95
150 95
151 95
152 95
153 95
154 95
159 95
161 95
163 95
175 95
176 95
177 95
178 95
181 95
194 95
196 95
27 96
33 96
41 96
42 96
44 96
64 96
74 96
76 96
84 96
137 96
138 96
139 96
140 96
143 96
159 96
161 96
162 96
163 96
177 96
181 96
193 96
196 96
27 97
29 97
31 97
41 97
62 97
74 97
87 97
88 97
95 97
96 97
97 97
102 97
103 97
104 97
105 97
124 97
125 97
126 97
127 97
128 97
175 97
176 97
193 97
194 97
195 97
196 97
5 98
6 98
7 98
8 98
9 98
27 98
28 98
29 98
30 98
32 98
33 98
41 98
43 98
44 98
74 98
75 98
77 98
78 98
84 98
88 98
97 98
99 98
102 98
105 98
109 98
110 98
111 98
112 98
113 98
124 98
128 98
132 98
133 98
134 98
135 98
137 98
138 98
139 98
9 99
74 99
78 99
84 99
85 99
87 99
88 99
95 99
99 99
102 99
103 99
104 99
105 99
109 99
111 99
113 99
124 99
126 99
128 99
132 99
134 99
137 99
139 99
5 100
8 100
9 100
21 100
53 100
54 100
55 100
74 100
77 100
78 100
95 100
96 100
97 100
98 100
99 100
102 100
109 100
111 100
113 100
124 100
125 100
126 100
127 100
128 100
132 100
134 100
135 100
138 100
139 100
167 100
169 100
186 100
188 100
189 100
5 101
9 101
19 101
22 101
52 101
55 101
74 101
84 101
85 101
86 101
87 101
88 101
89 101
90 101
104 101
105 101
110 101
111 101
112 101
113 101
134 101
137 101
139 101
154 101
155 101
157 101
158 101
159 101
166 101
169 101
178 101
181 101
182 101
190 101
6 102
8 102
9 102
12 102
13 102
14 102
19 102
20 102
21 102
52 102
53 102
54 102
65 102
66 102
67 102
68 102
69 102
70 102
71 102
75 102
76 102
78 102
84 102
86 102
88 102
137 102
139 102
142 102
143 102
144 102
145 102
147 102
148 102
154 102
166 102
168 102
169 102
175 102
177 102
179 102
181 102
183 102
186 102
187 102
190 102
5 103
9 103
12 103
16 103
19 103
29 103
30 103
31 103
32 103
33 103
34 103
35 103
36 103
52 103
65 103
69 103
71 103
84 103
90 103
132 103
133 103
135 103
136 103
137 103
138 103
139 103
142 103
144 103
148 103
154 103
159 103
166 103
169 103
175 103
183 103
186 103
6 104
7 104
8 104
9 104
12 104
16 104
20 104
21 104
22 104
29 104
34 104
36 104
45 104
46 104
47 104
48 104
49 104
53 104
55 104
65 104
71 104
84 104
86 104
88 104
90 104
119 104
120 104
121 104
122 104
123 104
132 104
134 104
137 104
139 104
142 104
148 104
154 104
157 104
158 104
159 104
166 104
175 104
179 104
182 104
183 104
186 104
187 104
189 104
190 104
12 105
16 105
29 105
30 105
31 105
33 105
34 105
35 105
36 105
45 105
67 105
69 105
75 105
76 105
77 105
78 105
84 105
85 105
86 105
87 105
88 105
89 105
90 105
118 105
123 105
133 105
134 105
136 105
138 105
139 105
142 105
144 105
146 105
148 105
154 105
156 105
157 105
158 105
159 105
175 105
179 105
180 105
183 105
186 105
15 106
16 106
29 106
31 106
34 106
36 106
45 106
46 106
48 106
49 106
54 106
55 106
56 106
57 106
65 106
66 106
69 106
70 106
71 106
75 106
78 106
102 106
103 106
104 106
123 106
142 106
143 106
144 106
145 106
146 106
148 106
157 106
159 106
160 106
161 106
162 106
163 106
169 106
170 106
171 106
172 106
176 106
179 106
182 106
183 106
186 106
188 106
189 106
190 106
12 107
16 107
29 107
31 107
34 107
36 107
45 107
54 107
57 107
76 107
77 107
78 107
91 107
92 107
93 107
97 107
98 107
102 107
104 107
121 107
123 107
158 107
159 107
160 107
163 107
169 107
172 107
175 107
183 107
12 108
14 108
15 108
16 108
29 108
30 108
31 108
32 108
35 108
45 108
46 108
48 108
54 108
55 108
56 108
75 108
78 108
86 108
91 108
93 108
97 108
98 108
99 108
101 108
102 108
104 108
119 108
120 108
121 108
122 108
123 108
124 108
136 108
137 108
138 108
163 108
172 108
175 108
177 108
179 108
181 108
29 109
31 109
34 109
36 109
49 109
54 109
57 109
75 109
76 109
77 109
78 109
86 109
87 109
88 109
89 109
90 109
92 109
93 109
99 109
104 109
121 109
122 109
124 109
125 109
126 109
127 109
131 109
132 109
136 109
138 109
163 109
172 109
175 109
176 109
177 109
178 109
179 109
181 109
182 109
183 109
7 110
8 110
10 110
29 110
30 110
31 110
32 110
34 110
35 110
36 110
45 110
47 110
48 110
54 110
55 110
56 110
88 110
91 110
97 110
99 110
104 110
108 110
109 110
111 110
112 110
122 110
123 110
124 110
131 110
132 110
133 110
134 110
137 110
138 110
158 110
159 110
160 110
161 110
169 110
170 110
172 110
7 111
10 111
86 111
91 111
97 111
98 111
99 111
100 111
101 111
103 111
104 111
108 111
110 111
112 111
122 111
127 111
131 111
133 111
138 111
7 112
8 112
9 112
10 112
38 112
39 112
40 112
41 112
43 112
88 112
89 112
90 112
91 112
92 112
93 112
97 112
103 112
104 112
110 112
112 112
122 112
131 112
133 112
136 112
138 112
7 113
10 113
42 113
44 113
50 113
51 113
53 113
54 113
55 113
56 113
86 113
88 113
92 113
93 113
97 113
98 113
99 113
108 113
109 113
111 113
112 113
123 113
124 113
125 113
126 113
127 113
132 113
134 113
135 113
137 113
193 113
194 113
195 113
8 114
9 114
10 114
24 114
25 114
26 114
27 114
28 114
29 114
38 114
50 114
52 114
55 114
56 114
63 114
64 114
66 114
67 114
68 114
86 114
88 114
131 114
133 114
137 114
145 114
146 114
147 114
148 114
188 114
193 114
14 115
15 115
18 115
19 115
24 115
29 115
31 115
38 115
40 115
44 115
50 115
51 115
52 115
53 115
54 115
63 115
65 115
68 115
69 115
131 115
132 115
133 115
145 115
150 115
162 115
163 115
164 115
165 115
189 115
190 115
191 115
192 115
193 115
194 115
195 115
14 116
16 116
18 116
20 116
24 116
27 116
28 116
29 116
31 116
39 116
40 116
41 116
42 116
44 116
63 116
64 116
66 116
67 116
68 116
145 116
150 116
161 116
163 116
165 116
190 116
193 116
195 116
4 117
5 117
7 117
14 117
24 117
26 117
52 117
55 117
65 117
68 117
146 117
147 117
150 117
161 117
163 117
165 117
176 117
177 117
178 117
180 117
181 117
188 117
193 117
195 117
4 118
8 118
14 118
18 118
20 118
26 118
29 118
31 118
53 118
54 118
56 118
57 118
65 118
91 118
92 118
93 118
108 118
109 118
110 118
111 118
112 118
144 118
145 118
146 118
147 118
149 118
150 118
161 118
162 118
163 118
164 118
165 118
176 118
181 118
182 118
188 118
190 118
191 118
192 118
193 118
194 118
195 118
4 119
5 119
7 119
14 119
15 119
16 119
17 119
18 119
19 119
20 119
24 119
26 119
27 119
29 119
31 119
42 119
43 119
44 119
46 119
47 119
51 119
52 119
55 119
57 119
68 119
69 119
75 119
77 119
78 119
79 119
86 119
87 119
93 119
107 119
112 119
125 119
126 119
127 119
135 119
136 119
137 119
138 119
141 119
142 119
143 119
144 119
146 119
168 119
169 119
170 119
171 119
179 119
180 119
188 119
190 119
194 119
195 119
4 120
8 120
24 120
26 120
29 120
31 120
42 120
47 120
51 120
52 120
53 120
55 120
56 120
57 120
65 120
68 120
70 120
77 120
86 120
87 120
88 120
89 120
91 120
92 120
107 120
112 120
120 120
121 120
125 120
127 120
135 120
141 120
144 120
146 120
156 120
157 120
158 120
159 120
160 120
161 120
162 120
168 120
171 120
178 120
181 120
188 120
189 120
190 120
4 121
5 121
17 121
18 121
19 121
20 121
24 121
25 121
28 121
29 121
30 121
42 121
47 121
64 121
65 121
66 121
67 121
68 121
69 121
70 121
75 121
77 121
79 121
86 121
88 121
91 121
93 121
107 121
108 121
109 121
112 121
120 121
121 121
122 121
123 121
124 121
125 121
126 121
135 121
137 121
138 121
141 121
146 121
156 121
158 121
160 121
162 121
168 121
169 121
170 121
178 121
181 121
17 122
20 122
75 122
77 122
78 122
79 122
86 122
88 122
91 122
93 122
108 122
109 122
110 122
111 122
112 122
120 122
125 122
127 122
135 122
138 122
141 122
146 122
156 122
162 122
168 122
171 122
178 122
179 122
180 122
182 122
4 123
5 123
6 123
7 123
8 123
17 123
18 123
19 123
24 123
25 123
26 123
27 123
28 123
31 123
32 123
33 123
34 123
41 123
42 123
44 123
45 123
46 123
47 123
88 123
89 123
90 123
93 123
103 123
104 123
106 123
107 123
108 123
109 123
120 123
122 123
125 123
127 123
135 123
136 123
141 123
142 123
143 123
144 123
146 123
156 123
158 123
162 123
168 123
170 123
171 123
177 123
178 123
181 123
183 123
17 124
20 124
24 124
28 124
31 124
34 124
38 124
40 124
42 124
43 124
44 124
51 124
52 124
53 124
86 124
103 124
106 124
107 124
108 124
120 124
121 124
122 124
124 124
125 124
126 124
127 124
156 124
157 124
158 124
159 124
161 124
162 124
178 124
180 124
181 124
182 124
183 124
17 125
18 125
19 125
25 125
27 125
28 125
31 125
32 125
33 125
34 125
41 125
42 125
50 125
52 125
54 125
70 125
72 125
73 125
74 125
79 125
80 125
81 125
86 125
87 125
88 125
103 125
108 125
122 125
126 125
38 126
43 126
52 126
54 126
70 126
72 126
74 126
78 126
81 126
103 126
108 126
120 126
121 126
122 126
132 126
133 126
134 126
135 126
189 126
191 126
192 126
193 126
195 126
24 127
25 127
27 127
28 127
31 127
32 127
33 127
38 127
43 127
50 127
51 127
52 127
53 127
60 127
61 127
62 127
70 127
72 127
78 127
79 127
80 127
103 127
105 127
106 127
108 127
132 127
136 127
158 127
159 127
160 127
161 127
162 127
193 127
195 127
9 128
10 128
11 128
13 128
14 128
28 128
38 128
39 128
40 128
42 128
43 128
59 128
61 128
63 128
70 128
71 128
73 128
74 128
81 128
132 128
133 128
135 128
189 128
195 128
14 129
24 129
25 129
27 129
28 129
59 129
61 129
63 129
78 129
79 129
80 129
81 129
91 129
93 129
94 129
120 129
121 129
122 129
123 129
124 129
125 129
126 129
132 129
136 129
158 129
160 129
191 129
193 129
195 129
2 130
3 130
4 130
5 130
6 130
9 130
14 130
59 130
61 130
62 130
63 130
91 130
99 130
101 130
109 130
110 130
111 130
112 130
120 130
122 130
124 130
126 130
132 130
133 130
135 130
145 130
146 130
147 130
158 130
159 130
160 130
162 130
175 130
176 130
177 130
189 130
191 130
192 130
193 130
195 130
2 131
4 131
6 131
9 131
13 131
14 131
67 131
69 131
71 131
74 131
75 131
91 131
93 131
100 131
102 131
104 131
109 131
112 131
120 131
126 131
132 131
136 131
145 131
148 131
175 131
178 131
2 132
4 132
6 132
9 132
10 132
12 132
13 132
15 132
67 132
69 132
71 132
94 132
104 132
109 132
110 132
111 132
112 132
120 132
122 132
124 132
126 132
132 132
133 132
134 132
135 132
136 132
146 132
147 132
148 132
168 132
169 132
176 132
177 132
2 133
3 133
4 133
5 133
6 133
12 133
13 133
14 133
15 133
17 133
18 133
42 133
43 133
44 133
45 133
67 133
75 133
91 133
92 133
94 133
100 133
104 133
109 133
112 133
120 133
121 133
122 133
123 133
124 133
125 133
126 133
148 133
152 133
154 133
157 133
159 133
160 133
161 133
168 133
170 133
175 133
178 133
18 134
22 134
23 134
24 134
25 134
27 134
28 134
45 134
56 134
58 134
67 134
68 134
71 134
74 134
75 134
98 134
99 134
100 134
102 134
104 134
111 134
112 134
145 134
147 134
148 134
151 134
154 134
157 134
161 134
166 134
168 134
170 134
175 134
176 134
13 135
18 135
22 135
35 135
37 135
42 135
43 135
44 135
45 135
51 135
52 135
56 135
58 135
67 135
70 135
71 135
72 135
75 135
152 135
154 135
157 135
158 135
160 135
166 135
167 135
168 135
169 135
170 135
13 136
24 136
25 136
27 136
28 136
29 136
34 136
42 136
45 136
51 136
52 136
53 136
54 136
55 136
56 136
67 136
68 136
71 136
74 136
79 136
81 136
83 136
84 136
93 136
151 136
154 136
157 136
161 136
183 136
184 136
185 136
186 136
187 136
3 137
4 137
6 137
16 137
17 137
22 137
24 137
27 137
29 137
37 137
43 137
44 137
45 137
51 137
53 137
56 137
67 137
75 137
79 137
84 137
85 137
92 137
95 137
151 137
152 137
154 137
157 137
158 137
160 137
161 137
184 137
187 137
188 137
6 138
22 138
24 138
27 138
29 138
34 138
37 138
51 138
53 138
58 138
67 138
69 138
71 138
73 138
75 138
79 138
82 138
83 138
84 138
92 138
93 138
95 138
110 138
111 138
112 138
113 138
134 138
135 138
137 138
157 138
161 138
169 138
170 138
171 138
172 138
173 138
174 138
176 138
177 138
182 138
185 138
186 138
187 138
3 139
4 139
5 139
6 139
11 139
12 139
13 139
14 139
22 139
24 139
25 139
26 139
27 139
28 139
29 139
35 139
36 139
51 139
52 139
53 139
54 139
55 139
56 139
57 139
58 139
67 139
68 139
71 139
72 139
73 139
74 139
75 139
92 139
95 139
110 139
113 139
135 139
137 139
157 139
158 139
159 139
160 139
169 139
171 139
173 139
175 139
177 139
184 139
187 139
3 140
6 140
10 140
14 140
22 140
24 140
27 140
51 140
53 140
57 140
58 140
81 140
84 140
92 140
93 140
95 140
106 140
110 140
111 140
112 140
113 140
116 140
117 140
118 140
119 140
120 140
121 140
133 140
135 140
137 140
169 140
177 140
187 140
3 141
5 141
6 141
12 141
14 141
22 141
23 141
24 141
25 141
26 141
28 141
29 141
51 141
52 141
53 141
81 141
82 141
83 141
84 141
85 141
86 141
103 141
110 141
113 141
133 141
136 141
137 141
169 141
173 141
176 141
177 141
184 141
186 141
187 141
189 141
10 142
11 142
12 142
13 142
14 142
39 142
40 142
41 142
80 142
81 142
84 142
86 142
103 142
104 142
105 142
106 142
110 142
112 142
121 142
154 142
155 142
156 142
169 142
172 142
173 142
177 142
183 142
184 142
187 142
189 142
192 142
193 142
195 142
34 143
39 143
41 143
61 143
62 143
63 143
64 143
80 143
81 143
83 143
84 143
85 143
86 143
103 143
106 143
116 143
119 143
120 143
121 143
141 143
142 143
143 143
144 143
145 143
146 143
147 143
148 143
154 143
157 143
170 143
173 143
176 143
177 143
183 143
184 143
185 143
187 143
188 143
189 143
192 143
195 143
34 144
35 144
36 144
37 144
38 144
39 144
40 144
51 144
52 144
55 144
61 144
64 144
104 144
105 144
106 144
116 144
117 144
118 144
120 144
121 144
122 144
133 144
135 144
136 144
137 144
141 144
143 144
146 144
148 144
154 144
155 144
156 144
157 144
169 144
177 144
192 144
193 144
194 144
34 145
36 145
39 145
41 145
55 145
62 145
63 145
64 145
76 145
77 145
78 145
87 145
88 145
89 145
90 145
119 145
120 145
121 145
122 145
124 145
125 145
137 145
141 145
142 145
143 145
145 145
146 145
148 145
154 145
157 145
169 145
171 145
173 145
177 145
192 145
195 145
4 146
6 146
7 146
8 146
10 146
12 146
28 146
29 146
30 146
34 146
36 146
39 146
41 146
51 146
55 146
61 146
71 146
72 146
76 146
78 146
87 146
90 146
120 146
121 146
122 146
133 146
134 146
136 146
137 146
141 146
143 146
146 146
148 146
154 146
157 146
169 146
170 146
171 146
172 146
173 146
174 146
176 146
193 146
194 146
4 147
6 147
8 147
10 147
12 147
21 147
22 147
25 147
28 147
31 147
34 147
35 147
36 147
37 147
38 147
39 147
41 147
51 147
52 147
54 147
55 147
61 147
62 147
63 147
71 147
72 147
73 147
74 147
75 147
78 147
87 147
88 147
89 147
90 147
98 147
99 147
100 147
102 147
103 147
104 147
109 147
110 147
111 147
112 147
113 147
120 147
125 147
133 147
141 147
143 147
146 147
4 148
12 148
20 148
25 148
28 148
29 148
30 148
34 148
36 148
40 148
71 148
73 148
90 148
98 148
100 148
109 148
120 148
125 148
133 148
134 148
136 148
137 148
143 148
144 148
146 148
147 148
4 149
5 149
8 149
11 149
12 149
25 149
28 149
31 149
34 149
36 149
71 149
78 149
87 149
88 149
89 149
98 149
99 149
100 149
101 149
103 149
111 149
113 149
120 149
121 149
124 149
125 149
133 149
137 149
146 149
148 149
8 150
9 150
12 150
21 150
22 150
25 150
28 150
29 150
30 150
49 150
50 150
51 150
52 150
53 150
55 150
71 150
72 150
73 150
74 150
75 150
76 150
77 150
78 150
100 150
103 150
112 150
113 150
133 150
135 150
136 150
137 150
141 150
142 150
143 150
144 150
145 150
146 150
147 150
4 151
5 151
8 151
11 151
12 151
19 151
21 151
23 151
24 151
25 151
50 151
52 151
54 151
56 151
73 151
77 151
78 151
100 151
103 151
119 151
120 151
122 151
123 151
184 151
185 151
187 151
188 151
4 152
12 152
16 152
17 152
18 152
20 152
21 152
22 152
31 152
32 152
33 152
34 152
35 152
56 152
71 152
72 152
73 152
100 152
102 152
103 152
104 152
105 152
119 152
121 152
137 152
138 152
139 152
140 152
162 152
163 152
166 152
183 152
188 152
4 153
6 153
8 153
10 153
12 153
19 153
20 153
21 153
31 153
33 153
35 153
49 153
52 153
56 153
99 153
103 153
105 153
119 153
123 153
128 153
129 153
130 153
131 153
132 153
140 153
156 153
157 153
158 153
159 153
162 153
166 153
183 153
4 154
5 154
6 154
7 154
8 154
9 154
10 154
11 154
12 154
16 154
21 154
31 154
33 154
35 154
48 154
51 154
52 154
53 154
85 154
86 154
88 154
89 154
90 154
91 154
99 154
100 154
101 154
105 154
119 154
121 154
122 154
123 154
128 154
130 154
132 154
137 154
138 154
139 154
140 154
156 154
159 154
162 154
164 154
166 154
174 154
175 154
176 154
177 154
178 154
179 154
180 154
183 154
186 154
187 154
188 154
16 155
21 155
31 155
32 155
33 155
34 155
35 155
41 155
42 155
43 155
44 155
49 155
52 155
55 155
56 155
59 155
60 155
61 155
63 155
64 155
66 155
67 155
85 155
87 155
89 155
91 155
130 155
132 155
137 155
140 155
156 155
158 155
159 155
162 155
163 155
164 155
165 155
166 155
174 155
176 155
178 155
180 155
183 155
184 155
185 155
186 155
16 156
17 156
18 156
19 156
21 156
41 156
43 156
45 156
48 156
59 156
61 156
63 156
65 156
91 156
96 156
97 156
98 156
129 156
130 156
131 156
132 156
137 156
138 156
139 156
140 156
156 156
159 156
174 156
180 156
186 156
187 156
188 156
190 156
192 156
41 157
45 157
50 157
52 157
54 157
56 157
67 157
74 157
75 157
76 157
77 157
79 157
85 157
87 157
91 157
97 157
99 157
108 157
109 157
110 157
159 157
174 157
176 157
178 157
180 157
187 157
188 157
189 157
42 158
43 158
48 158
49 158
50 158
51 158
52 158
54 158
56 158
59 158
60 158
63 158
66 158
67 158
74 158
79 158
86 158
87 158
88 158
89 158
90 158
91 158
95 158
99 158
103 158
104 158
110 158
120 158
121 158
122 158
147 158
148 158
150 158
164 158
165 158
166 158
167 158
174 158
175 158
176 158
178 158
179 158
180 158
187 158
192 158
62 159
63 159
64 159
67 159
74 159
79 159
95 159
96 159
97 159
98 159
103 159
105 159
109 159
129 159
130 159
131 159
132 159
133 159
147 159
164 159
166 159
168 159
187 159
192 159
29 160
30 160
31 160
32 160
33 160
41 160
42 160
59 160
63 160
67 160
74 160
75 160
76 160
103 160
105 160
108 160
110 160
123 160
133 160
140 160
141 160
148 160
150 160
164 160
168 160
172 160
173 160
174 160
175 160
187 160
188 160
189 160
191 160
1 161
3 161
4 161
29 161
33 161
40 161
44 161
59 161
67 161
73 161
74 161
75 161
76 161
77 161
78 161
79 161
83 161
84 161
85 161
86 161
103 161
105 161
108 161
110 161
120 161
123 161
130 161
132 161
133 161
138 161
141 161
147 161
150 161
164 161
166 161
167 161
168 161
172 161
175 161
1 162
4 162
33 162
40 162
41 162
43 162
44 162
59 162
61 162
63 162
67 162
70 162
71 162
72 162
73 162
74 162
75 162
76 162
83 162
85 162
87 162
103 162
104 162
105 162
106 162
107 162
110 162
117 162
118 162
119 162
121 162
122 162
123 162
129 162
138 162
139 162
140 162
141 162
147 162
148 162
149 162
172 162
173 162
174 162
175 162
1 163
3 163
4 163
29 163
30 163
32 163
33 163
44 163
48 163
49 163
51 163
52 163
53 163
54 163
55 163
56 163
59 163
60 163
62 163
63 163
64 163
67 163
70 163
73 163
74 163
75 163
83 163
85 163
87 163
103 163
109 163
110 163
114 163
115 163
116 163
118 163
119 163
120 163
129 163
130 163
132 163
133 163
141 163
172 163
175 163
4 164
40 164
41 164
43 164
48 164
50 164
52 164
54 164
56 164
70 164
83 164
84 164
85 164
86 164
87 164
96 164
98 164
99 164
100 164
103 164
104 164
105 164
114 164
129 164
133 164
138 164
139 164
140 164
141 164
147 164
148 164
149 164
150 164
151 164
152 164
174 164
175 164
4 165
7 165
10 165
18 165
19 165
23 165
24 165
25 165
26 165
40 165
44 165
48 165
56 165
70 165
75 165
96 165
98 165
100 165
129 165
131 165
132 165
133 165
146 165
148 165
151 165
152 165
185 165
187 165
188 165
189 165
191 165
9 166
11 166
17 166
20 166
23 166
40 166
41 166
42 166
43 166
44 166
48 166
49 166
52 166
55 166
56 166
70 166
72 166
73 166
74 166
96 166
100 166
114 166
146 166
147 166
148 166
149 166
151 166
187 166
190 166
191 166
7 167
17 167
19 167
20 167
23 167
48 167
51 167
52 167
56 167
87 167
88 167
90 167
96 167
97 167
98 167
99 167
100 167
108 167
109 167
110 167
111 167
114 167
115 167
117 167
118 167
136 167
151 167
159 167
160 167
161 167
162 167
166 167
185 167
186 167
187 167
188 167
189 167
7 168
8 168
9 168
10 168
11 168
17 168
23 168
26 168
27 168
28 168
48 168
49 168
52 168
55 168
56 168
63 168
65 168
66 168
67 168
68 168
69 168
86 168
88 168
111 168
132 168
134 168
148 168
151 168
159 168
161 168
164 168
166 168
175 168
176 168
177 168
178 168
187 168
190 168
17 169
18 169
19 169
25 169
26 169
28 169
36 169
37 169
38 169
40 169
48 169
56 169
63 169
65 169
67 169
86 169
88 169
90 169
109 169
110 169
132 169
138 169
149 169
150 169
151 169
152 169
159 169
160 169
161 169
162 169
163 169
164 169
165 169
166 169
175 169
178 169
187 169
26 170
27 170
28 170
30 170
31 170
32 170
40 170
48 170
52 170
54 170
56 170
69 170
86 170
88 170
89 170
108 170
111 170
123 170
124 170
125 170
126 170
127 170
132 170
134 170
136 170
138 170
147 170
148 170
151 170
153 170
159 170
161 170
164 170
175 170
176 170
177 170
178 170
187 170
188 170
191 170
192 170
5 171
6 171
7 171
27 171
28 171
32 171
37 171
39 171
48 171
50 171
51 171
52 171
53 171
54 171
55 171
56 171
63 171
65 171
67 171
69 171
108 171
109 171
111 171
123 171
127 171
132 171
134 171
135 171
136 171
137 171
138 171
147 171
148 171
150 171
151 171
152 171
153 171
159 171
164 171
166 171
175 171
186 171
187 171
190 171
192 171
3 172
5 172
27 172
36 172
40 172
63 172
64 172
65 172
66 172
67 172
68 172
98 172
99 172
100 172
101 172
102 172
104 172
123 172
126 172
161 172
163 172
164 172
165 172
166 172
175 172
176 172
177 172
178 172
186 172
187 172
188 172
189 172
190 172
191 172
192 172
3 173
5 173
7 173
27 173
36 173
37 173
39 173
40 173
51 173
52 173
53 173
54 173
55 173
89 173
90 173
91 173
98 173
100 173
102 173
104 173
123 173
127 173
135 173
137 173
138 173
139 173
140 173
141 173
159 173
164 173
166 173
4 174
5 174
6 174
7 174
16 174
17 174
18 174
28 174
31 174
36 174
40 174
51 174
53 174
55 174
75 174
76 174
77 174
78 174
92 174
98 174
104 174
123 174
126 174
127 174
135 174
137 174
139 174
141 174
159 174
160 174
161 174
162 174
163 174
165 174
166 174
189 174
190 174
191 174
192 174
193 174
12 175
16 175
18 175
36 175
37 175
38 175
39 175
53 175
55 175
61 175
62 175
64 175
65 175
66 175
68 175
75 175
92 175
100 175
102 175
104 175
111 175
112 175
113 175
114 175
115 175
123 175
127 175
135 175
141 175
188 175
193 175
1 176
2 176
3 176
4 176
11 176
12 176
13 176
15 176
18 176
51 176
52 176
53 176
61 176
63 176
66 176
68 176
76 176
89 176
92 176
98 176
99 176
100 176
101 176
102 176
103 176
110 176
112 176
116 176
123 176
124 176
125 176
126 176
127 176
135 176
137 176
139 176
141 176
151 176
152 176
154 176
155 176
156 176
165 176
168 176
169 176
170 176
172 176
188 176
193 176
11 177
13 177
16 177
18 177
61 177
62 177
63 177
64 177
65 177
66 177
67 177
68 177
75 177
79 177
90 177
91 177
92 177
110 177
116 177
135 177
136 177
137 177
138 177
139 177
141 177
151 177
156 177
165 177
167 177
170 177
180 177
181 177
182 177
183 177
191 177
192 177
3 178
5 178
11 178
13 178
16 178
18 178
63 178
66 178
68 178
75 178
79 178
110 178
114 178
116 178
151 178
165 178
166 178
167 178
168 178
169 178
170 178
171 178
172 178
180 178
183 178
189 178
190 178
191 178
192 178
193 178
194 178
1 179
3 179
12 179
13 179
14 179
15 179
16 179
17 179
18 179
41 179
42 179
44 179
53 179
54 179
55 179
56 179
57 179
61 179
63 179
66 179
68 179
75 179
79 179
104 179
105 179
106 179
107 179
110 179
111 179
112 179
113 179
114 179
115 179
124 179
125 179
126 179
128 179
129 179
130 179
153 179
156 179
165 179
167 179
170 179
172 179
181 179
182 179
183 179
191 179
194 179
195 179
11 180
17 180
18 180
41 180
44 180
53 180
55 180
61 180
62 180
63 180
64 180
65 180
66 180
67 180
68 180
75 180
76 180
77 180
78 180
79 180
90 180
91 180
103 180
105 180
107 180
124 180
128 180
130 180
138 180
139 180
140 180
141 180
142 180
143 180
144 180
150 180
151 180
153 180
154 180
155 180
156 180
165 180
167 180
172 180
180 180
183 180
192 180
193 180
194 180
197 180
12 181
13 181
24 181
25 181
26 181
33 181
34 181
35 181
36 181
37 181
38 181
41 181
42 181
43 181
44 181
53 181
55 181
57 181
61 181
66 181
68 181
93 181
105 181
107 181
130 181
138 181
140 181
142 181
144 181
147 181
148 181
150 181
151 181
153 181
165 181
167 181
168 181
169 181
171 181
181 181
182 181
183 181
192 181
197 181
3 182
5 182
23 182
33 182
38 182
44 182
53 182
55 182
56 182
57 182
61 182
62 182
63 182
65 182
66 182
67 182
68 182
90 182
91 182
92 182
103 182
104 182
105 182
106 182
107 182
124 182
126 182
130 182
138 182
144 182
147 182
151 182
152 182
167 182
170 182
192 182
197 182
3 183
6 183
23 183
24 183
38 183
41 183
42 183
43 183
90 183
93 183
124 183
125 183
126 183
127 183
128 183
129 183
130 183
138 183
140 183
142 183
144 183
152 183
166 183
167 183
169 183
170 183
171 183
179 183
182 183
183 183
192 183
193 183
194 183
195 183
196 183
3 184
4 184
5 184
6 184
23 184
26 184
33 184
34 184
35 184
38 184
90 184
91 184
92 184
93 184
117 184
118 184
119 184
120 184
121 184
139 184
140 184
141 184
142 184
143 184
144 184
147 184
152 184
179 184
181 184
183 184
3 185
6 185
23 185
24 185
25 185
26 185
32 185
33 185
34 185
35 185
36 185
38 185
72 185
73 185
74 185
75 185
76 185
121 185
150 185
179 185
183 185
3 186
5 186
6 186
18 186
19 186
20 186
29 186
30 186
32 186
33 186
34 186
72 186
77 186
105 186
112 186
117 186
119 186
121 186
179 186
180 186
181 186
182 186
183 186
191 186
192 186
193 186
194 186
195 186
20 187
29 187
32 187
33 187
34 187
49 187
50 187
51 187
52 187
53 187
54 187
55 187
56 187
57 187
72 187
77 187
105 187
106 187
107 187
108 187
109 187
111 187
112 187
119 187
120 187
121 187
191 187
193 187
195 187
13 188
14 188
15 188
16 188
17 188
18 188
19 188
20 188
29 188
34 188
49 188
53 188
55 188
57 188
61 188
62 188
63 188
72 188
73 188
74 188
77 188
105 188
110 188
112 188
128 188
129 188
130 188
131 188
132 188
134 188
143 188
144 188
145 188
147 188
167 188
168 188
169 188
171 188
172 188
173 188
191 188
193 188
15 189
18 189
29 189
34 189
49 189
61 189
64 189
71 189
72 189
73 189
74 189
76 189
77 189
87 189
88 189
90 189
91 189
92 189
94 189
97 189
98 189
101 189
105 189
107 189
110 189
112 189
128 189
130 189
143 189
147 189
161 189
167 189
169 189
171 189
173 189
192 189
193 189
3 190
4 190
5 190
13 190
15 190
20 190
29 190
30 190
31 190
34 190
50 190
53 190
56 190
57 190
62 190
64 190
70 190
72 190
73 190
86 190
88 190
90 190
92 190
94 190
97 190
101 190
105 190
107 190
109 190
110 190
111 190
112 190
128 190
134 190
143 190
147 190
155 190
156 190
160 190
162 190
167 190
173 190
180 190
181 190
182 190
183 190
184 190
2 191
5 191
13 191
14 191
15 191
16 191
17 191
18 191
19 191
23 191
24 191
25 191
26 191
49 191
52 191
53 191
57 191
64 191
68 191
71 191
73 191
86 191
94 191
100 191
101 191
105 191
118 191
119 191
120 191
128 191
130 191
132 191
134 191
143 191
144 191
145 191
146 191
147 191
155 191
156 191
157 191
160 191
162 191
169 191
171 191
180 191
184 191
2 192
4 192
5 192
13 192
15 192
23 192
31 192
32 192
33 192
34 192
38 192
39 192
41 192
49 192
50 192
53 192
56 192
57 192
61 192
63 192
64 192
68 192
73 192
86 192
87 192
90 192
93 192
94 192
101 192
105 192
106 192
107 192
118 192
121 192
128 192
129 192
130 192
131 192
132 192
133 192
134 192
155 192
157 192
160 192
162 192
167 192
169 192
170 192
171 192
172 192
173 192
180 192
183 192
184 192
189 192
191 192
193 192
2 193
5 193
13 193
14 193
15 193
23 193
26 193
30 193
32 193
38 193
41 193
49 193
57 193
68 193
73 193
86 193
89 193
90 193
91 193
94 193
98 193
100 193
101 193
118 193
119 193
120 193
121 193
155 193
157 193
189 193
191 193
193 193
2 194
3 194
23 194
26 194
30 194
32 194
34 194
38 194
40 194
41 194
49 194
51 194
53 194
55 194
57 194
68 194
69 194
70 194
71 194
72 194
73 194
86 194
87 194
90 194
93 194
94 194
97 194
118 194
121 194
141 194
142 194
144 194
155 194
156 194
157 194
158 194
159 194
160 194
162 194
165 194
166 194
167 194
169 194
173 194
175 194
176 194
177 194
181 194
184 194
189 194
191 194
193 194
23 195
24 195
25 195
26 195
30 195
31 195
32 195
33 195
34 195
41 195
49 195
50 195
51 195
52 195
53 195
54 195
55 195
56 195
86 195
94 195
99 195
100 195
101 195
118 195
119 195
120 195
141 195
143 195
145 195
155 195
157 195
161 195
162 195
167 195
173 195
180 195
184 195
189 195
190 195
193 195
38 196
39 196
40 196
41 196
86 196
88 196
90 196
92 196
141 196
145 196
155 196
156 196
165 196
169 196
173 196
177 196
181 196
183 196
184 196
86 197
87 197
88 197
90 197
91 197
92 197
93 197
94 197
141 197
142 197
143 197
144 197
145 197
165 197
167 197
168 197
169 197
173 197
174 197
175 197
176 197
177 197
X
X
X
X
X
X
X
X
X
X
X
X
X
X
X
X
X
X
X
X
X
X
X
X
X
X
X
X
X
X
X
X
X
X
X
X
X
X
X
X
X
X
X
X
X
X
X
X
X
X
X
X
X
X
X
X
X
X
X
X
X
X
X
X
X
X
X
X
X
X
X
X
X
X
X
X
X
X
X
X
X
X
X
X
X
X
X
X
X
X
X
X
X
X
X
X
X
X
X
X
X
X
X
X
X
X
X
X
X
X
X
X
X
X
X
X
X
X
X
X
X
X
X
X
X
X
X
X
X
X
X
X
X
X
X
X
X
X
X
X
X
X
X
X
X
X
X
X
X
X
X
X
X
X
X
X
X
X
X
X
X
X
X
X
X
X
X
X
X
X
X
X
X
X
X
X
X
X
X
X
X
X
X
X
X
X
X
X
X
X
X
X
X
X
X
X
X
X
X
X
X
X
X
X
X
X
X
X
X
X
X
X
X
X
X
X
X
X
X
X
X
X
X
X
X
X
X
X
X
X
X
X
X
X
X
X
X
X
X
X
X
X
X
X
X
X
X
X
X
X
X
X
X
X
X
X
X
X
X
X
X
X
X
X
X
X
X
X
X
X
X
X
X
X
X
X
X
X
X
X
X
X
X
X
X
X
X
X
X
X
X
X
X
X
X
X
X
X
X
X
X
X
X
X
X
X
X
X
X
X
X
X
X
X
X
X
X
X
X
X
X
X
X
X
X
X
X
X
X
X
X
X
80 1
82 1
88 1
127 1
128 1
156 1
158 1
42 2
43 2
44 2
59 2
61 2
70 2
74 2
76 2
167 2
178 2
9 3
41 3
45 3
61 3
72 3
73 3
76 3
156 3
164 3
178 3
191 3
56 4
80 4
90 4
180 4
9 5
71 5
74 5
102 5
167 5
179 5
191 5
194 5
12 6
17 6
46 6
60 6
61 6
64 6
74 6
76 6
98 6
100 6
116 6
147 6
171 6
174 6
54 7
61 7
71 7
76 7
113 7
149 7
29 8
30 8
33 8
41 8
59 8
61 8
66 8
100 8
101 8
114 8
125 8
147 8
162 8
172 8
190 8
192 8
12 9
13 9
18 9
41 9
43 9
49 9
90 9
125 9
136 9
149 9
162 9
188 9
43 10
45 10
46 10
87 10
137 10
161 10
162 10
175 10
189 10
8 11
62 11
64 11
11 12
61 12
78 12
95 12
98 12
120 12
127 12
174 12
175 12
191 12
97 13
101 13
108 13
125 13
157 13
162 13
8 14
9 14
11 14
13 14
50 14
55 14
79 14
97 14
99 14
127 14
138 14
162 14
191 14
6 15
41 15
51 15
65 15
67 15
80 15
136 15
155 15
159 15
6 16
24 16
25 16
27 16
42 16
64 16
106 16
110 16
142 16
177 16
19 17
25 17
40 17
51 17
53 17
65 17
85 17
87 17
97 17
98 17
100 17
109 17
32 18
42 18
65 18
84 18
96 18
97 18
134 18
137 18
147 18
150 18
162 18
189 18
36 19
40 19
86 19
110 19
187 19
19 20
32 20
33 20
53 20
55 20
57 20
65 20
69 20
162 20
179 20
1 21
5 21
6 21
19 21
21 21
22 21
87 21
138 21
145 21
147 21
149 21
169 21
172 21
92 22
95 22
190 22
57 23
138 23
145 23
147 23
4 24
5 24
17 24
22 24
24 24
101 24
105 24
116 24
122 24
124 24
137 24
138 24
4 25
17 25
21 25
92 25
94 25
101 25
113 25
115 25
184 25
24 26
33 26
126 26
130 26
169 26
178 26
182 26
184 26
33 27
39 27
75 27
99 27
122 27
180 27
5 28
23 28
32 28
33 28
41 28
53 28
88 28
104 28
105 28
113 28
115 28
117 28
118 28
123 28
129 28
182 28
10 29
49 29
76 29
159 29
177 29
184 29
194 29
195 29
196 29
30 30
76 30
86 30
88 30
122 30
124 30
126 30
177 30
184 30
30 31
31 31
34 31
67 31
96 31
125 31
127 31
145 31
169 31
171 31
177 31
184 31
196 31
33 32
62 32
78 32
86 32
89 32
142 32
32 33
33 33
35 33
62 33
79 33
94 33
169 33
174 33
20 34
57 34
62 34
65 34
66 34
78 34
79 34
80 34
104 34
108 35
181 35
184 35
191 35
14 36
43 36
67 36
76 36
77 36
111 36
144 36
161 36
178 36
182 36
184 36
192 36
14 37
80 37
112 37
117 37
121 37
127 37
155 37
188 37
189 37
192 37
66 38
76 38
80 38
110 38
151 38
170 38
178 38
188 38
11 39
66 39
78 39
109 39
111 39
144 39
147 39
154 39
181 39
184 39
12 40
53 40
68 40
90 40
93 40
132 40
134 40
144 40
155 40
158 40
161 40
170 40
1 41
38 41
49 41
134 41
154 41
155 41
169 41
189 41
1 42
13 42
17 42
92 42
132 42
141 42
151 42
160 42
2 43
40 43
55 43
93 43
117 43
138 43
153 43
40 44
55 44
69 44
83 44
17 45
30 45
125 45
14 46
17 46
30 46
42 46
63 46
64 46
66 46
170 46
6 47
25 47
65 47
70 47
83 47
117 47
127 47
167 47
9 48
13 48
17 48
44 48
49 48
51 48
53 48
55 48
68 48
167 48
172 48
181 48
190 48
10 49
55 49
63 49
70 49
118 49
119 49
179 49
7 50
25 50
55 50
76 50
78 50
83 50
95 50
115 50
154 50
156 50
14 51
28 51
36 51
55 51
65 51
76 51
88 51
89 51
104 51
106 51
119 51
131 51
173 51
174 51
194 51
36 52
38 52
47 52
88 52
96 52
119 52
126 52
129 52
144 52
152 52
156 52
169 52
179 52
183 52
190 52
193 52
28 53
36 53
118 53
119 53
141 53
156 53
170 53
17 54
38 54
91 54
132 54
133 54
141 54
146 54
156 54
181 54
182 54
183 54
49 55
53 55
107 55
109 55
134 55
146 55
110 56
119 56
121 56
125 56
131 56
143 56
156 56
167 56
169 56
192 56
193 56
196 56
197 56
16 57
81 57
121 57
146 57
153 57
169 57
193 57
68 58
74 58
77 58
106 58
132 58
134 58
141 58
146 58
105 59
119 59
123 59
146 59
147 59
167 59
168 59
20 60
77 60
104 60
119 60
121 60
156 60
164 60
176 60
197 60
5 61
8 61
21 61
56 61
169 61
170 61
172 61
23 62
61 62
96 62
128 62
129 62
132 62
170 62
31 63
44 63
46 63
93 63
157 63
173 63
30 64
38 64
101 64
102 64
104 64
128 64
132 64
146 64
168 64
173 64
21 65
22 65
30 65
32 65
96 65
128 65
132 65
147 65
171 65
188 65
21 66
23 66
32 66
41 66
93 66
13 67
15 67
53 67
97 67
119 67
126 67
13 68
17 68
92 68
93 68
106 68
120 68
144 68
146 68
147 68
154 68
13 69
42 69
44 69
54 69
56 69
83 69
98 69
116 69
154 69
177 69
180 69
38 70
45 70
71 70
116 70
128 70
156 70
13 71
88 71
106 71
177 71
18 72
27 72
29 72
30 72
85 72
88 72
105 72
106 72
169 72
5 73
35 73
81 73
107 73
139 73
141 73
168 73
171 73
187 73
15 74
16 74
111 74
161 74
171 74
34 75
37 75
40 75
51 75
53 75
57 75
67 75
68 75
139 75
146 75
159 75
165 75
16 76
30 76
42 76
50 76
71 76
124 76
148 76
190 76
5 77
82 77
84 77
111 77
139 77
141 77
159 77
163 77
176 77
186 77
187 77
188 77
28 78
125 78
147 78
150 78
165 78
174 78
176 78
179 78
13 79
17 79
15 80
24 80
76 80
115 80
123 80
139 80
141 80
142 80
25 81
26 81
93 81
114 81
181 81
189 81
194 81
41 82
76 82
78 82
114 82
115 82
117 82
118 82
161 82
166 82
181 82
189 82
190 82
191 82
27 83
94 83
141 83
152 83
155 83
175 83
12 84
115 84
117 84
122 84
123 84
152 84
166 84
21 85
41 85
42 85
97 85
152 85
7 86
12 86
27 86
43 86
50 86
71 86
72 86
108 86
110 86
116 86
117 86
163 86
166 86
11 87
12 87
23 87
25 87
33 87
41 87
69 87
81 87
84 87
110 87
164 87
169 87
12 88
30 88
40 88
42 88
69 88
70 88
74 88
75 88
101 88
104 88
110 88
124 88
153 88
154 88
170 88
185 88
192 88
30 89
31 89
33 89
42 89
53 89
60 89
98 89
100 89
115 89
118 89
142 89
152 89
11 90
30 90
33 90
42 90
49 90
50 90
69 90
74 90
84 90
91 90
104 90
124 90
136 90
138 90
147 90
185 90
2 91
40 91
42 91
69 91
75 91
91 91
137 91
149 91
169 91
4 92
69 92
74 92
99 92
177 92
185 92
186 92
12 93
15 93
62 93
75 93
76 93
88 93
91 93
93 93
115 93
118 93
150 93
152 93
180 93
195 93
1 94
33 94
41 94
42 94
114 94
118 94
140 94
141 94
143 94
152 94
193 94
196 94
2 95
29 95
88 95
116 95
149 95
179 95
180 95
182 95
193 95
195 95
43 96
61 96
75 96
77 96
78 96
88 96
141 96
142 96
160 96
175 96
182 96
33 97
44 97
61 97
63 97
64 97
78 97
84 97
85 97
98 97
99 97
177 97
31 98
42 98
95 98
126 98
136 98
5 99
86 99
97 99
6 100
19 100
20 100
22 100
52 100
75 100
105 100
133 100
136 100
137 100
166 100
168 100
187 100
190 100
78 101
102 101
103 101
109 101
132 101
156 101
175 101
176 101
177 101
179 101
180 101
183 101
186 101
5 102
15 102
16 102
22 102
55 102
74 102
77 102
90 102
132 102
134 102
146 102
159 102
167 102
189 102
22 103
55 103
67 103
134 103
146 103
190 103
5 104
13 104
15 104
19 104
31 104
52 104
54 104
118 104
167 104
168 104
169 104
176 104
32 105
49 105
65 105
71 105
132 105
135 105
137 105
155 105
160 105
178 105
190 105
12 106
13 106
67 106
68 106
118 106
147 106
158 106
175 106
187 106
49 107
75 107
118 107
122 107
13 108
33 108
34 108
36 108
49 108
57 108
87 108
100 108
103 108
118 108
158 108
169 108
170 108
171 108
183 108
45 109
91 109
97 109
102 109
123 109
158 109
169 109
180 109
9 110
33 110
46 110
49 110
57 110
86 110
93 110
102 110
110 110
127 110
135 110
136 110
162 110
163 110
171 110
88 111
93 111
102 111
136 111
42 112
44 112
86 112
87 112
99 112
108 112
127 112
38 113
40 113
52 113
110 113
122 113
131 113
133 113
136 113
138 113
7 114
30 114
31 114
44 114
65 114
69 114
87 114
138 114
149 114
150 114
189 114
195 114
16 115
17 115
20 115
26 115
42 115
55 115
161 115
188 115
25 116
26 116
30 116
38 116
43 116
52 116
55 116
65 116
188 116
6 117
8 117
20 117
29 117
31 117
145 117
179 117
182 117
190 117
16 118
24 118
52 118
55 118
68 118
107 118
148 118
178 118
189 118
8 119
25 119
28 119
30 119
45 119
65 119
66 119
67 119
70 119
76 119
91 119
145 119
147 119
176 119
177 119
178 119
181 119
54 120
64 120
75 120
79 120
90 120
93 120
138 120
145 120
7 121
8 121
26 121
27 121
31 121
127 121
136 121
171 121
4 122
8 122
42 122
43 122
44 122
47 122
76 122
106 122
107 122
122 122
181 122
183 122
20 123
43 123
86 123
87 123
91 123
92 123
105 123
137 123
138 123
145 123
160 123
169 123
39 124
41 124
50 124
54 124
88 124
92 124
93 124
123 124
160 124
177 124
179 124
20 125
24 125
38 125
43 125
71 125
78 125
120 125
127 125
24 126
28 126
31 126
34 126
50 126
136 126
190 126
194 126
34 127
54 127
59 127
63 127
74 127
81 127
104 127
107 127
189 127
191 127
12 128
24 128
41 128
72 128
78 128
136 128
158 128
160 128
162 128
9 129
26 129
92 129
162 129
189 129
60 130
94 130
98 130
100 130
102 130
103 130
104 130
136 130
148 130
161 130
178 130
190 130
194 130
12 131
68 131
70 131
72 131
73 131
92 131
94 131
98 131
11 132
14 132
73 132
75 132
91 132
98 132
145 132
166 132
167 132
170 132
175 132
178 132
16 133
93 133
98 133
102 133
145 133
151 133
153 133
158 133
166 133
13 134
14 134
15 134
26 134
29 134
42 134
57 134
101 134
103 134
109 134
110 134
146 134
177 134
178 134
24 135
27 135