135 11
125 179
32 94
165 116
59 5
X
63 158
180 180
147 132
170 91
56 179
169 28
172 30
7 84
23 168
110 161
X
40 142
53 7
183 180
94 129
139 76
100 133
42 179
88 68
31 7
175 9
191 178
148 133
192 130
41 112
22 16
30 47
161 136
X
171 7
105 60
17 156
68 47
144 123
125 76
84 143
66 12
84 93
11 37
138 111
29 47
120 108
172 49
14 89
X
74 31
120 122
78 60
121 133
166 60
X
82 44
10 30
54 147
58 89
38 181
145 143
106 63
71 128
129 31
15 119
87 20
186 172
187 140
34 49
X
1 95
79 3
15 51
144 194
50 51
70 17
52 144
129 162
125 23
16 72
106 64
58 83
107 35
36 139
180 117
144 191
86 101
8 74
51 32
81 32
107 39
147 189
145 52
53 35
157 133
96 54
126 39
169 146
162 122
39 196
51 24
86 142
17 74
108 74
74 189
146 52
119 26
136 24
122 111
35 54
115 27
67 182
141 195
22 36
51 80
65 171
5 192
79 180
130 153
100 191
25 44
127 52
X
32 91
7 60
125 57
112 142
37 91
33 160
89 3
160 167
94 81
71 152
179 53
91 157
160 139
78 27
196 93
183 179
100 16
29 106
111 190
63 160
162 11
147 161
159 105
31 53
161 8
12 11
36 169
66 180
24 121
65 175
33 91
165 91
75 29
25 67
104 147
137 174
13 74
57 73
8 118
177 144
4 119
61 95
92 51
66 114
190 14
104 133
75 162
71 37
121 144
X
86 193
124 145
192 181
188 41
128 37
125 145
179 106
188 40
130 62
90 167
170 48
83 83
50 150
129 163
4 151
133 110
142 194
15 192
51 18
144 103
4 75
100 92
172 39
36 49
170 31
7 62
30 87
139 101
66 172
83 1
63 168
23 32
106 162
139 81
139 70
86 120
191 59
155 193
X
139 103
62 177
6 10
193 118
55 76
128 180
82 86
47 48
25 42
190 178
31 49
4 76
183 185
142 106
194 50
131 58
65 48
57 140
116 89
157 105
X
63 155
56 137
X
49 44
19 121
5 133
101 61
149 94
22 150
192 14
43 74
146 78
9 150
193 142
31 50
176 82
34 155
67 72
159 170
158 33
44 155
93 65
13 176
165 117
187 92
4 43
123 172
190 41
X
131 40
57 89
27 40
159 167
193 127
154 133
100 148
72 66
185 167
100 175
6 185
71 194
158 50
87 197
25 53
134 73
63 130
83 141
104 131
66 175
192 11
104 108
141 162
190 78
84 86
120 10
88 69
21 83
93 183
69 70
23 67
172 192
173 47
102 108
47 110
55 5
142 31
122 31
54 164
189 141
40 27
185 165
42 124
48 158
17 152
138 19
151 93
66 20
3 21
88 154
120 151
59 155
98 92
125 71
5 184
6 139
112 133
20 153
82 50
24 114
46 64
13 73
144 180
42 70
57 35
93 24
137 75
27 12
28 14
180 2
148 21
24 78
13 38
103 27
55 100
98 52
149 28
55 117
95 54
119 70
109 110
X
10 4
4 77
106 192
66 11
137 77
99 149
61 15
121 15
13 25
98 149
107 31
13 77
180 38
10 11
33 6
7 117
116 143
125 11
138 11
23 151
40 116
54 195
53 86
182 29
162 124
X
16 73
8 154
158 41
154 57
37 173
52 44
160 54
125 133
168 63
37 90
17 137
82 4
62 145
38 28
142 102
X
47 121
28 169
52 36
41 164
139 14
169 59
7 75
14 193
189 39
167 190
121 154
52 126
6 141
36 148
122 158
53 141
27 125
56 78
147 102
156 10
159 106
78 56
54 24
14 130
191 165
49 8
75 67
134 148
21 150
13 26
55 24
48 168
54 126
12 73
X
170 26
7 123
77 80
132 128
172 108
59 4
50 157
185 151
94 40
183 106
121 185
70 164
8 60
187 68
60 3
110 18
117 93
121 43
32 152
123 104
175 94
28 121
69 74
51 78
179 122
31 55
54 100
63 116
92 190
193 194
103 68
148 145
74 101
47 50
86 29
38 27
70 76
120 9
100 165
147 22
17 57
193 78
195 179
150 21
129 1
42 75
152 55
138 173
167 31
72 93
98 8
18 73
47 9
126 23
41 83
74 128
69 56
53 85
62 190
32 54
140 162
64 72
12 85
188 14
39 36
192 32
49 84
21 8
165 85
6 140
102 100
192 12
39 87
140 13
17 123
114 28
61 177
74 161
23 141
173 53
174 158
173 6
161 32
70 75
124 87
150 77
178 122
63 143
18 180
13 128
75 134
93 67
79 16
31 28
93 108
125 80
25 150
63 159
66 4
122 15
27 123
95 13
190 168
111 73
116 47
39 173
70 162
90 194
29 74
71 4
110 157
180 72
52 51
76 46
73 161
113 8
110 15
71 134
178 5
144 120
24 123
66 73
55 119
X
31 153
102 176
46 43
159 63
40 169
42 63
192 38
87 101
50 113
X
104 110
67 159
52 157
179 2
21 36
53 87
8 102
76 37
11 92
55 7
137 140
65 168
183 143
59 83
90 169
181 124
125 38
159 130
171 10
96 79
138 95
195 3
80 77
104 99
164 173
91 24
23 7
142 90
53 137
14 55
148 58
124 183
7 77
69 170
92 184
87 19
43 135
106 48
160 55
95 85
181 102
127 71
65 120
X
46 62
78 108
19 123
167 181
50 80
120 140
55 55
122 56
X
177 143
189 8
125 51
38 124
105 164
52 176
X
99 12
134 20
68 36
104 142
31 147
99 108
4 121
129 49
173 65
170 106
190 120
176 134
137 70
134 171
64 3
39 175
103 123
X
160 121
160 19
19 19
183 39
134 99
190 101
104 91
105 142
41 40
180 190
X
34 186
191 174
177 138
X
165 86
127 4
18 119
154 86
101 28
118 167
158 139
13 132
85 34
122 108
52 69
148 6
160 18
X
141 56
148 114
12 181
X
31 52
60 85
128 91
137 22
16 174
52 164
103 163
134 110
152 41
188 170
X
166 173
28 16
177 145
158 42
38 42
6 30
85 99
75 66
131 38
4 120
156 57
189 73
28 129
15 179
80 143
100 154
40 115
146 121
153 54
73 139
176 141
101 154
179 69
96 32
181 27
69 86
160 120
X
134 138
133 161
31 110
183 123
110 39
112 121
122 76
152 22
153 29
52 78
25 129
157 5
194 183
192 171
61 143
192 182
17 26
53 102
102 173
3 172
9 30
95 97
74 82
166 172
119 50
155 192
63 145
57 62
142 184
17 80
139 82
41 162
40 86
34 189
28 94
71 191
134 21
184 155
194 119
109 98
X
14 57
44 82
56 164
14 179
151 39
147 36
148 55
125 147
29 190
56 67
125 58
168 75
49 85
68 114
143 150
33 7
138 108
32 170
31 190
80 127
193 114
185 89
161 78
56 134
151 95
138 94
42 7
60 127
121 108
56 187
36 77
137 96
10 142
104 89
34 192
X
33 153
51 47
169 46
153 90
156 191
83 161
49 47
13 133
74 4
172 52
23 41
71 6
113 175
53 4
192 82
63 176
56 89
30 74
146 119
188 76
151 37
114 167
41 19
35 147
137 12
136 127
1 25
133 148
28 80
133 165
11 154
135 119
75 6
24 65
130 1
103 176
X
105 187
21 86
63 48
191 166
24 139
177 194
57 179
16 119
50 47
66 106
78 127
80 13
116 163
49 28
X
75 65
64 4
160 191
123 106
23 183
170 133
169 27
94 195
146 53
151 6
88 109
94 62
126 1
106 140
179 30
156 49
72 57
10 50
69 194
55 163
175 8
167 86
29 7
134 132
78 105
X
70 19
X
X
148 170
167 195
25 43
38 115
182 183
51 174
34 188
66 76
101 63
111 98
182 38
4 130
61 176
26 51
155 5
90 197
158 37
38 56
125 10
188 143
158 63
104 24
78 99
69 106
167 28
178 168
157 11
133 146
46 44
108 84
52 154
128 191
8 75
167 6
35 17
32 192
11 180
178 16
98 31
188 8
110 190
101 92
142 54
159 168
75 106
26 118
87 1
22 5
73 152
148 68
57 74
85 71
111 110
18 169
11 11
62 15
30 26
5 58
68 180
157 135
4 164
89 147
140 11
174 28
74 163
76 157
125 52
X
128 100
49 5
121 79
165 197
29 187
100 7
X
83 163
19 169
4 123
152 82
183 153
66 158
105 179
111 149
134 39
127 120
177 117
145 17
79 159
71 40
64 114
191 193
153 95
98 51
182 138
12 108
93 131
51 147
164 78
44 37
145 65
190 68
91 155
70 135
40 69
181 5
150 171
162 194
61 175
55 108
93 192
92 176
77 46
86 10
30 108
184 191
157 139
190 73
104 32
180 186
192 46
45 135
8 16
20 5
142 36
140 153
137 119
136 18
49 189
95 23
140 96
121 78
56 106
164 154
114 178
45 136
132 155
57 32
188 88
167 135
191 90
155 195
3 137
17 166
76 39
81 55
108 160
197 181
184 190
164 168
18 74
120 14
85 162
96 30
87 157
160 192
181 120
57 24
X
99 5
89 101
75 122
24 83
18 179
116 176
7 14
5 186
X
4 74
8 30
162 195
178 92
X
127 23
112 39
146 17
159 107
120 43
20 124
112 130
154 180
135 113
173 146
172 50
141 95
33 50
130 180
6 12
27 127
115 175
28 114
170 182
137 154
179 184
159 31
94 193
130 65
1 40
63 45
107 72
52 171
142 37
14 141
96 66
X
191 2
38 185
45 6
165 155
145 68
43 158
X
81 77
78 174
156 61
177 139
28 81
10 88
150 181
153 93
16 53
51 120
193 192
144 33
189 126
78 107
54 110
172 188
177 18
88 147
55 16
44 137
161 168
77 151
43 126
147 88
95 69
110 167
180 178
14 67
41 193
77 186
131 188
182 106
113 99
190 104
157 146
139 72
167 161
37 89
181 72
53 175
79 54
X
9 131
112 189
X
30 91
12 150
160 29
71 73
23 13
79 46
69 131
101 5
109 99
68 56
X
114 164
183 142
122 104
157 60
56 58
136 91
12 147
65 35
142 119
107 17
84 74
92 189
22 137
103 147
109 163
76 109
188 119
53 78
187 21
5 171
161 138
144 148
138 72
147 95
159 21
33 56
57 120
169 47
45 5
149 8
70 18
29 32
38 175
44 36
25 41
150 90
15 69
99 24
8 150
175 169
176 91
75 135
31 154
16 177
9 104
13 80
43 40
192 10
148 52
33 105
159 13
177 96
139 105
18 191
29 41
78 54
140 89
55 23
150 31
96 12
172 146
66 121
79 36
109 123
10 2
110 13
182 181
102 106
49 104
22 18
71 56
14 131
76 88
X
160 12
99 195
140 155
5 174
157 153
50 74
51 136
162 130
65 19
33 182
99 164
20 33
41 29
67 157
187 143
131 112
188 165
157 193
155 190
110 140
25 147
64 159
126 130
55 106
141 144
X
38 40
175 158
166 134
175 161
121 9
63 1
152 91
3 140
12 36
74 57
74 28
71 148
61 1
122 121
21 67
178 117
133 164
119 153
84 28
185 75
95 140
175 172
179 185
78 16
168 91
146 120
194 46
143 188
149 65
168 159
17 77
155 72
178 155
11 84
49 17
55 17
X
74 67
139 45
149 118
127 27
103 182
75 102
16 70
86 35
125 91
4 93
173 194
169 140
52 155
106 55
167 189
130 46
117 95
182 124
120 121
84 94
102 92
111 132
71 162
169 20
183 107
178 95
44 181
17 167
3 184
128 24
42 19
124 108
98 159
8 88
142 33
X
46 123
123 129
65 14
66 182
180 36
115 163
104 162
104 38
185 136
50 75
185 73
X
51 36
181 95
148 171
122 25
32 98
99 8
92 118
87 149
139 89
41 157
61 188
108 167
34 56
107 19
44 10
108 34
55 147
127 97
48 169
67 138
6 62
137 152
141 89
43 50
89 109
179 102
167 4
6 146
49 15
141 150
X
191 187
196 183
68 115
92 62
21 147
158 3
136 123
15 133
186 102
180 157
92 53
107 124
33 155
56 190
X
124 176
99 134
84 71
53 18
62 147
108 157
135 10
33 29
93 79
132 161
94 42
54 18
31 33
111 99
46 69
X
123 105
X
9 128
X
130 182
42 135
50 30
25 191
27 98
71 132
2 133
156 190
161 133
85 35
88 7
186 154
75 121
35 185
63 169
31 109
98 91
150 88
103 60
51 35
130 29
127 39
103 47
55 32
194 89
19 18
86 141
192 60
127 124
9 100
42 125
188 68
163 172
68 134
139 91
X
64 1
97 19
112 186
98 174
194 113
73 150
62 62
32 87
66 40
84 29
88 94
100 91
49 168
141 121
180 122
76 32
34 103
68 192
25 68
101 189
75 161
89 35
64 35
138 164
189 143
34 76
84 89
88 59
194 186
77 119
21 63
103 48
137 114
165 74
X
88 197
12 67
185 76
91 131
2 193
95 100
179 186
154 136
25 15
13 191
78 29
153 31
175 194
97 194
77 54
114 86
69 93
131 42
154 89
176 18
161 33
91 180
138 121
163 75
178 170
105 159
168 188
147 64
181 179
66 14
88 125
71 106
49 150
166 158
148 131
77 145
87 72
143 31
X
156 120
139 174
52 103
174 8
104 179
142 59
139 154
194 47
14 142
129 164
108 187
195 32
97 190
X
X
137 99
91 173
9 52
33 5
191 129
182 4
87 35
126 47
143 42
69 60
4 91
163 96
50 115
80 16
109 159
154 101
111 140
157 145
107 180
72 166
14 140
35 31
172 28
41 4
58 58
124 113
103 106
187 170
54 179
49 88
88 123
X
5 101
138 119
125 170
178 172
4 117
78 122
31 118
147 7
154 95
24 40
24 183
125 100
188 10
7 110
125 12
194 146
123 91
41 62
41 49
10 168
125 60
9 132
66 16
135 176
81 1
8 100
89 54
25 83
13 188
82 90
67 161
151 170
103 162
90 109
17 7
52 86
87 27
9 26
176 92
31 195
78 38
81 27
95 24
170 121
55 181
149 162
132 188
77 100
158 10
192 170
149 169
145 116
150 115
9 98
14 40
147 9
90 42
122 11
114 85
148 59
68 46
125 27
138 152
31 192
151 9
147 118
141 92
56 158
125 47
34 33
72 147
54 108
101 191
160 78
21 151
127 10
51 84
3 39
176 154
3 139
125 84
65 8
179 104
31 66
41 7
172 160
74 150
107 86
6 132
29 139
193 20
109 73
75 160
89 58
34 66
150 158
166 194
114 89
115 51
X
145 134
121 74
41 181
30 148
13 192
108 161
27 139
57 83
8 168
119 195
54 107
152 31
46 84
109 13
119 108
54 47
33 31
39 192
1 93
74 81
27 42
128 45
162 120
50 164
53 5
26 45
88 102
X
168 181
X
32 185
105 68
157 14
95 159
104 175
158 56
52 90
42 160
168 39
43 94
86 21
86 109
32 127
71 88
155 57
89 170
X
152 182
145 196
X
63 180
130 179
125 79
113 138
98 147
77 180
80 46
86 111
5 59
17 180
138 93
67 16
23 42
14 117
35 75
186 73
167 177
190 51
4 146
143 59
170 74
58 135
11 128
186 138
23 5
145 18
41 47
187 136
43 124
115 167
23 166
94 90
147 67
6 49
6 171
131 65
117 39
53 127
167 180
46 86
164 56
99 109
177 123
X
155 2
80 39
150 164
84 72
102 134
41 160
72 6
169 110
3 25
53 24
176 76
188 160
169 51
170 28
X
76 189
174 29
37 147
141 161
191 118
51 34
121 42
41 50
46 70
137 13
164 58
14 188
74 158
179 28
171 178
177 170
132 98
X
179 83
162 192
130 64
42 120
29 118
9 154
140 16
3 91
54 109
53 70
17 44
157 195
10 47
158 124
173 162
6 48
161 18
121 192
96 68
39 16
73 6
105 153
78 126
135 130
166 135
74 32
22 28
160 52
63 11
91 154
154 134
123 162
80 56
51 146
168 38
82 49
19 6
34 51
99 172
153 82
69 46
141 57
144 119
51 40
148 144
175 93
76 33
188 92
137 113
118 84
144 57
46 36
91 4
105 25
57 36
50 114
131 52
194 80
190 172
26 80
169 194
93 121
X
98 32
134 19
106 38
70 127
152 57
174 156
122 110
142 143
111 175
8 62
120 120
93 64
24 19
183 186
29 107
51 55
7 167
129 179
189 194
148 57
187 151
81 125
X
146 132
X
X
160 50
109 100
138 181
X
63 35
108 77
87 4
160 106
111 100
111 122
124 84
21 27
70 56
164 5
156 62
120 70
12 14
115 48
42 65
61 162
X
X
158 20
143 80
151 18
44 119
105 55
138 41
X
21 5
162 155
81 30
192 86
159 40
108 36
176 81
10 140
96 165
157 71
126 49
124 124
42 96
X
193 93
144 183
103 51
12 152
86 161
95 64
54 187
34 105
43 87
23 8
130 63
65 50
138 22
159 101
54 170
133 111
53 32
131 41
124 133
92 182
56 75
93 109
4 154
169 48
34 136
52 141
156 196
154 143
162 190
151 16
50 77
X
17 5
137 104
X
189 21
125 89
174 154
77 83
161 110
11 38
107 119
78 150
79 157
11 9
187 154
71 71
98 156
80 49
10 48
75 178
10 89
195 5
70 59
23 18
86 17
67 158
31 94
67 121
194 60
141 75
128 36
110 158
80 129
12 132
56 62
6 27
91 63
41 145
91 111
129 48
40 170
48 5
170 33
148 181
106 77
81 90
177 140
29 160
16 93
151 137
90 177
115 95
81 33
182 27
193 187
124 69
112 179
81 47
29 109
X
151 169
X
X
109 169
77 105
41 30
138 91
126 176
189 68
48 171
49 109
43 162
8 151
107 69
16 179
163 78
156 8
104 39
X
34 19
9 166
70 8
42 50
131 165
36 75
96 33
89 1
169 101
100 12
76 49
70 120
82 74
35 110
170 18
31 87
60 58
42 37
160 36
77 98
183 196
153 49
135 20
43 46
170 60
134 126
138 70
64 49
3 41
91 108
56 136
12 151
54 173
76 28
187 157
2 41
135 122
169 32
130 189
186 90
76 48
64 143
105 98
185 143
176 157
193 32
29 45
171 11
195 56
27 116
131 115
141 177
140 10
7 26
129 26
103 92
111 138
164 82
57 21
95 52
146 191
124 71
52 102
193 96
32 160
182 48
161 170
147 143
168 52
125 109
194 180
44 50
116 28
76 4
142 14
76 180
11 151
79 121
71 89
38 31
178 121
181 101
159 104
147 91
164 59
146 123
119 27
168 56
22 101
86 195
170 146
165 180
172 110
24 120
197 57
193 193
195 116
26 184
46 82
73 163
156 13
74 136
154 37
193 176
113 12
18 175
87 164
158 30
106 19
107 77
22 32
133 147
11 67
109 59
62 6
10 132
40 172
29 33
157 143
137 121
136 75
126 182
49 10
144 59
79 129
135 132
158 110
71 149
82 73
129 91
137 177
167 197
X
134 23
48 170
13 54
61 192
158 29
128 71
161 13
141 173
13 13
38 169
53 3
77 13
137 101
124 89
109 88
168 48
171 123
56 73
X
57 58
186 171
8 72
44 6
128 189
149 68
163 82
186 65
156 154
124 10
143 52
36 185
53 182
134 105
145 115
73 193
16 24
132 103
X
28 13
158 153
14 115
113 179
64 77
168 102
99 167
176 61
124 110
74 91
172 18
148 9
88 53
182 35
41 36
85 157
158 130
181 92
107 59
48 108
12 149
128 35
132 113
X
23 84
171 146
86 28
85 163
165 179
175 105
39 31
49 86
53 191
124 45
186 155
3 178
X
65 182
X
73 67
32 187
13 88
X
64 94
191 18
30 98
179 48
137 150
105 127
53 120
75 137
121 77
162 82
120 133
125 148
192 180
133 130
56 155
115 86
91 107
45 7
86 168
139 162
107 13
84 68
30 28
41 77
165 56
X
181 83
130 161
158 13
145 67
57 187
195 126
86 102
176 97
16 137
14 191
126 119
3 194
7 146
158 19
121 140
53 115
179 72
55 101
137 20
6 14
36 54
100 88
168 60
97 100
123 154
65 77
X
10 153
189 12
105 192
135 100
X
155 49
59 162
X
7 30
21 154
103 141
74 99
174 30
144 106
151 7
21 152
63 15
126 8
10 154
69 3
130 155
64 190
143 43
121 146
154 145
44 179
187 20
78 47
87 95
8 13
94 85
166 174
78 145
93 69
14 118
129 46
X
X
105 56
83 136
100 14
17 27
177 76
189 157
70 194
88 29
106 144
138 44
143 58
179 19
169 18
187 159
170 76
93 118
183 190
92 113
64 15
93 23
26 139
22 87
8 104
111 130
31 152
89 4
165 178
134 22
86 81
126 70
99 157
174 160
110 176
55 171
168 53
150 180
61 14
190 106
122 26
14 27
115 53
51 74
123 113
21 24
152 183
69 119
179 61
44 76
177 72
20 190
147 166
18 178
100 152
61 146
6 131
86 105
189 100
X
14 69
187 139
6 153
33 195
27 53
X
165 4
145 54
109 130
65 11
80 29
134 77
104 35
178 109
84 137
146 145
136 171
192 172
183 152
112 113
155 12
X
56 3
182 5
85 101
182 92
77 15
130 27
138 89
195 117
87 81
34 144
41 194
162 118
65 72
142 183
73 65
104 182
102 88
152 88
122 85
147 171
41 5
194 31
11 13
164 6
X
163 155
43 85
108 118
90 146
1 39
23 191
73 128
105 97
66 31
20 63
X
28 141
77 14
122 28
23 60
126 4
130 31
145 20
128 50
105 186
13 57
X
24 79
6 51
20 119
164 171
31 5
13 193
143 144
13 72
72 189
180 76
57 85
88 121
28 49
69 103
107 121
110 32
67 169
43 128
121 152
51 41
165 176
149 93
71 72
179 82
56 32
67 105
52 158
179 158
159 127
114 175
75 185
143 68
3 186
60 8
2 192
54 163
37 56
193 116
134 192
132 159
X
135 123
19 153
28 41
26 120
139 100
147 164
149 166
56 6
13 136
X
160 74
162 86
53 47
122 145
130 2
77 109
88 167
156 142
178 158
159 42
17 124
149 164
173 138
114 166
99 154
10 114
192 115
150 9
98 193
31 160
173 20
165 177
183 50
104 49
76 146
X
16 48
147 54
151 176
42 48
93 62
143 195
187 169
14 74
X
34 26
127 8
25 141
61 128
167 60
106 49
142 104
91 1
191 115
183 53
5 27
168 87
34 185
83 48
140 15
135 70
128 89
128 30
109 35
16 175
141 74
77 45
90 147
127 84
67 135
49 6
180 191
9 11
132 110
135 121
175 162
17 191
93 85
12 153
145 114
7 119
189 120
90 184
124 74
36 109
33 98
32 186
98 50
X
90 189
52 55
100 13
71 103
27 81
98 107
192 52
52 173
132 171
193 88
176 155
65 118
137 98
3 173
53 171
70 93
23 17
48 163
11 77
125 121
181 186
27 94
127 91
132 99
42 82
132 154
155 10
89 155
85 83
67 35
79 179
10 87
19 8
171 183
40 36
161 75
51 21
70 163
29 150
73 192
88 101
146 114
45 41
147 130
55 21
144 64
158 155
38 183
186 104
29 5
X
25 84
29 115
102 97
194 56
39 19
45 108
13 11
152 39
134 70
171 119
157 49
21 17
25 185
85 82
104 144
138 20
144 31
190 49
119 37
48 7
X
161 42
119 145
137 110
195 129
28 42
76 1
173 188
22 68
68 49
188 120
16 188
97 30
53 190
39 146
52 120
159 174
128 38
97 98
138 103
18 121
79 2
171 189
61 11
26 117
125 35
116 144
69 49
130 181
76 176
165 118
98 189
22 141
X
193 180
96 14
34 18
191 87
71 60
79 119
38 147
189 193
51 138
X
56 79
121 13
3 43
122 80
X
X
11 40
66 176
126 27
144 102
123 175
172 40
29 137
118 144
31 56
114 179
196 96
168 31
149 66
35 32
81 140
83 164
61 156
27 137
X
159 76
69 8
171 75
105 57
41 192
152 135
89 120
X
1 179
73 91
172 176
165 174
75 63
138 183
85 57
72 162
118 90
123 170
112 110
138 171
X
191 79
141 175
18 135
74 188
165 2
75 138
87 162
134 168
121 186
71 3
120 147
51 154
126 131
13 46
132 38
24 87
161 167
193 174
42 113
161 195
187 172
35 139
43 77
107 84
X
146 146
110 73
56 163
118 43
49 3
71 74
138 177
172 38
191 86
164 118
125 77
14 53
110 179
124 13
23 26
145 57
127 87
63 50
162 106
161 93
25 51
125 59
15 48
6 137
53 163
X
103 64
106 142
183 103
11 89
X
181 69
100 24
167 87
134 42
119 25
106 31
162 154
184 196
101 176
57 109
12 103
142 150
92 91
24 42
36 149
167 194
89 173
16 116
148 78
92 138
137 16
12 146
65 177
137 155
44 94
13 135
175 168
52 153
71 135
X
166 6
135 22
75 86
194 32
155 53
122 129
105 160
38 30
123 23
23 194
143 197
X
181 70
180 35
161 77
24 20
151 164
190 65
26 195
158 21
9 99
139 74
102 175
117 167
141 174
97 108
57 190
56 24
123 151
135 175
71 91
25 86
74 1
133 141
194 30
156 177
4 73
X
182 91
143 82
183 192
174 164
43 156
68 191
55 166
X
62 163
32 63
63 192
171 145
52 14
193 117
59 3
174 26
63 171
137 138
16 107
168 119
18 118
95 137
13 93
191 41
160 56
95 138
187 158
160 93
139 9
3 133
8 120
96 69
127 88
X
10 128
125 122
145 195
57 188
140 9
127 90
160 174
176 58
70 44
117 10
135 128
13 179
154 176
94 64
146 147
91 184
173 19
8 110
126 13
111 31
147 191
74 65
64 71
40 166
117 9
55 77
55 18
147 20
6 13
74 97
68 119
24 21
79 29
193 195
159 10
90 105
39 91
30 29
160 62
90 145
60 163
X
192 18
161 106
66 13
105 154
68 178
126 179
9 112
33 52
105 71
52 191
81 141
109 121
172 31
64 175
189 128
93 107
54 75
177 28
146 165
7 16
74 96
70 126
79 12
71 36
131 156
112 120
X
54 125
64 145
54 151
106 47
103 112
132 132
167 46
146 148
134 190
7 58
75 157
21 68
71 146
139 41
11 2
148 93
124 68
161 96
155 1
176 197
191 19
131 62
59 128
167 88
134 188
38 87
64 155
31 124
48 47
113 149
108 170
123 107
143 184
5 190
8 98
169 38
128 47
172 53
176 80
192 78
139 156
133 149
166 153
163 118
91 89
44 166
70 45
108 122
X
24 151
183 177
X
5 139
147 182
45 86
46 68
110 84
159 156
168 46
192 144
195 97
X
97 15
173 143
146 36
141 120
96 19
72 67
54 70
24 15
X
23 195
179 79
76 162
107 87
39 29
X
X
126 133
41 84
183 155
126 35
6 52
68 139
72 88
193 90
138 154
49 187
4 192
67 168
70 121
132 169
85 30
4 147
143 44
166 4
177 62
2 191
117 27
129 192
134 75
50 27
195 187
90 54
67 32
149 18
189 104
162 74
126 91
79 1
125 183
180 3
159 60
X
21 87
154 71
186 106
91 51
125 119
84 19
18 174
158 137
129 45
95 30
69 132
138 100
172 46
80 125
122 109
139 164
110 77
148 146
183 35
142 42
22 152
161 29
195 4
55 35
57 192
81 29
87 192
41 116
118 105
79 60
109 171
47 53
77 187
117 12
X
127 171
163 169
137 108
103 50
81 31
121 39
167 26
123 173
1 24
X
159 171
143 41
133 114
10 6
192 22
48 154
158 4
183 136
142 123
194 118
114 92
138 9
50 195
51 113
80 73
40 144
169 103
68 175
190 66
86 143
44 70
85 32
11 79
169 144
195 115
113 139
99 100
111 168
X
156 180
182 39
61 127
150 95
42 121
53 195
60 61
12 107
88 169
85 164
X
128 68
114 83
195 127
19 167
131 153
179 51
46 38
69 36
166 171
91 158
162 115
3 179
12 90
136 103
X
50 40
124 85
27 78
185 155
63 179
128 153
64 191
103 24
59 158
122 151
109 167
17 122
74 147
38 67
162 96
91 122
151 167
106 187
123 108
111 147
X
91 120
89 158
13 102
122 112
37 73
57 106
X
74 93
74 30
78 109
7 104
123 26
8 73
X
16 51
127 174
73 188
145 32
143 189
159 49
91 193
180 54
151 21
68 136
188 35
162 15
27 114
89 7
38 51
28 116
163 108
29 120
X
165 89
23 24
143 45
97 54
129 89
136 170
137 11
X
140 154
X
81 89
181 123
184 151
126 2
151 171
38 43
190 35
183 104
110 17
75 3
130 45
14 44
126 45
176 158
160 137
6 183
41 180
143 148
130 192
46 108
120 124
136 177
106 17
17 55
X
157 72
194 179
143 180
179 70
81 45
189 195
19 61
113 140
34 143
16 156
83 84
65 3
47 49
160 107
128 190
21 84
X
155 68
106 32
178 4
85 81
134 100
22 17
169 74
51 22
142 180
117 184
175 130
29 40
63 6
39 41
35 105
51 52
4 176
139 177
X
52 115
135 140
98 7
120 148
103 125
90 173
28 174
178 30
67 134
175 104
156 68
173 12
123 13
46 83
87 105
68 57
13 51
X
34 194
135 177
28 171
113 24
104 97
169 139
158 60
148 64
37 54
175 102
55 75
170 87
3 93
55 145
45 107
141 93
180 77
151 134
151 177
51 195
28 12
29 6
81 136
32 108
56 152
155 86
173 141
60 87
92 137
86 7
87 119
32 103
122 60
86 93
23 14
41 17
116 53
59 85
126 51
65 31
119 43
X
187 65
40 76
92 43
45 39
49 43
84 95
169 132
28 40
157 137
102 17
41 95
109 113
161 85
190 18
4 133
33 186
28 45
170 65
X
156 176
15 57
54 50
93 22
137 173
64 76
104 152
120 146
158 5
132 170
33 185
141 9
X
65 169
151 166
97 79
137 146
66 49
43 137
32 193
113 141
138 42
133 40
56 110
193 4
40 174
121 149
183 124
68 20
X
X
49 89
120 67
131 50
X
66 177
66 7
43 133
135 126
92 140
99 88
124 100
88 32
119 151
52 76
177 154
93 122
168 178
157 57
138 98
75 174
123 56
X
69 16
147 92
16 106
77 39
108 39
44 163
X
92 120
88 168
52 67
181 108
161 38
79 178
92 197
29 148
99 26
150 185
32 8
104 111
86 84
28 125
159 139
102 99
43 119
182 52
124 109
94 79
89 145
121 158
7 88
74 87
90 41
188 176
55 144
11 142
84 88
148 166
103 180
183 31
77 121
26 141
191 126
151 28
81 58
39 142
62 180
95 79
118 162
132 130
97 69
42 136
169 135
168 26
114 80
139 83
130 28
134 56
160 9
X
2 39
26 42
163 93
11 80
22 147
117 53
112 98
37 135
178 133
23 134
61 94
173 31
66 168
68 182
136 11
44 98
73 194
21 28
113 11
188 91
10 112
146 106
108 31
122 13
80 54
18 5
3 176
75 180
133 159
27 84
136 77
110 139
19 119
172 32
14 119
127 86
177 102
194 82
72 186
49 188
19 102
180 52
74 157
139 173
173 145
53 30
146 117
150 75
105 144
162 12
187 142
79 74
23 165
165 90
67 180
163 109
63 163
85 21
51 20
155 82
155 39
123 10
159 155
52 125
107 179
157 134
136 105
177 94
161 124
147 181
20 35
78 49
148 106
14 39
40 196
159 8
44 47
168 41
11 78
70 128
9 168
157 194
X
84 104
45 157
44 162
63 31
32 51
159 18
X
73 86
121 129
116 12
66 5
93 119
103 159
184 37
91 3
7 85
102 68
181 71
41 97
189 35
67 17
8 147
74 3
160 135
86 190
90 1
159 194
11 93
33 49
96 50
174 10
30 193
159 57
18 177
55 187
121 193
93 82
7 174
68 194
61 93
170 134
83 143
158 194
91 2
191 39
69 168
113 9
25 195
74 56
164 159
144 143
166 85
53 138
179 92
92 175
11 6
25 49
101 130
88 122
83 71
39 39
56 166
104 33
X
177 168
55 104
33 30
121 142
42 41
105 101
177 196
52 119
81 143
142 15
141 143
191 50
83 3
84 30
55 174
178 131
86 158
11 168
71 189
45 156
38 44
68 59
87 163
99 153
88 113
183 181
178 20
133 126
67 155
129 71
112 138
17 67
X
74 159
110 101
33 161
77 161
122 162
107 74
39 62
147 19
77 157
59 89
91 64
85 19
91 156
110 58
81 142
117 186
173 28
8 112
44 113
108 73
76 96
X
168 122
197 180
164 169
15 189
191 188
139 94
X
6 46
25 151
136 112
27 45
35 49
102 69
8 123
77 174
54 139
70 70
195 118
35 181
51 119
6 58
56 171
168 176
188 73
27 47
8 58
86 197
149 92
60 88
15 27
41 6
34 195
152 19
79 76
137 139
12 3
176 130
109 133
X
71 138
100 18
104 31
103 111
X
52 139
160 63
104 174
20 116
62 159
144 188
71 136
126 109
56 86
X
94 69
180 156
16 80
116 68
127 11
74 34
71 90
20 188
147 190
75 163
120 132
X
136 150
113 100
92 69
105 51
185 77
191 8
127 183
67 172
67 162
99 98
36 147
65 16
17 133
124 97
162 39
X
128 52
119 191
66 74
31 51
6 102
88 97
11 139
144 182
38 193
14 24
18 115
71 75
5 182
192 143
154 102
40 161
123 153
180 91
113 27
156 15
18 165
28 27
162 42
134 57
78 146
171 51
193 189
110 57
97 83
86 59
67 177
94 91
78 36
43 112
110 130
152 169
20 122
6 25
118 81
91 43
24 28
49 40
98 53
35 154
83 88
169 30
190 195
89 10
119 47
53 181
10 46
160 53
16 191
143 95
64 189
87 147
175 109
188 156
90 104
106 143
153 28
60 83
17 168
135 24
161 117
88 35
19 125
126 89
122 86
170 123
121 10
X
47 54
166 91
136 132
122 29
167 30
162 123
55 74
107 182
152 37
159 110
155 85
26 193
84 20
108 59
31 116
68 60
147 188
35 56
28 98
130 154
174 32
7 27
96 63
103 28
55 110
137 141
175 6
186 156
140 41
6 130
42 87
159 78
73 166
78 80
110 118
111 118
168 134
30 32
3 163
124 67
107 190
18 134
9 114
91 189
121 120
X
28 76
25 12
144 150
55 113
27 85
174 162
73 60
101 192
24 134
29 97
45 110
193 21
31 54
53 139
143 65
104 72
5 117
10 110
160 57
21 102
130 156
87 99
107 189
145 102
33 17
189 130
58 138
168 33
170 39
161 189
169 138
148 105
X
24 12
97 156
177 172
156 63
47 123
52 68
6 11
40 15
156 156
178 76
31 170
67 131
183 154
47 10
164 170
162 21
20 152
55 195
175 160
57 194
92 64
X
85 93
98 176
136 131
148 104
140 156
13 56
179 59
119 104
19 188
179 39
126 132
51 137
16 92
179 35
161 84
164 4
141 163
38 126
195 143
146 143
173 160
118 24
148 77
66 181
180 192
X
169 188
101 12
63 114
55 53
128 63
126 28
162 19
119 24
155 196
180 39
105 188
175 134
122 23
153 170
8 153
59 129
96 159
12 89
32 194
51 30
16 178
71 87
146 149
189 106
170 192
184 195
5 121
182 101
166 169
124 179
74 125
72 127
158 123
188 89
29 76
7 173
81 34
35 144
66 6
140 77
13 10
181 109
87 56
100 193
111 179
176 172
185 138
67 137
140 14
X
53 21
186 88
42 66
136 148
115 179
192 145
155 38
83 72
141 196
158 57
130 67
191 52
X
83 2
119 154
29 28
187 18
55 78
181 30
150 118
93 184
X
39 145
152 86
83 73
23 36
136 89
77 57
35 20
173 21
188 100
15 191
174 52
53 188
165 115
X
192 41
29 189
42 67
X
X
145 191
187 137
40 37
177 26
179 77
155 144
157 15
151 43
97 62
79 122
13 52
123 57
2 131
45 105
42 77
77 27
193 50
177 60
4 118
166 104
175 82
99 99
51 28
109 31
193 188
18 189
142 30
157 192
99 147
165 82
162 121
13 45
121 76
141 71
33 152
122 144
151 168
18 186
143 53
104 158
56 7
62 59
126 86
36 145
29 104
X
159 154
171 122
36 173
148 162
67 20
15 108
96 67
89 56
179 31
191 186
82 46
155 4
192 30
134 98
50 125
180 30
40 74
149 6
99 176
105 39
26 49
53 43
66 3
66 116
49 2
157 138
63 128
X
52 75
79 77
109 187
45 82
28 47
63 47
34 109
X
62 1
37 137
167 178
38 184
193 3
181 117
67 37
34 110
53 176
55 120
86 169
33 53
141 164
67 160
46 104
154 90
104 59
120 191
43 62
110 55
86 113
196 30
71 39
19 5
192 118
189 77
17 76
82 72
X
118 163
45 67
68 172
37 144
112 132
181 184
133 163
52 195
170 51
52 32
67 49
175 103
151 22
192 186
49 30
4 71
141 81
98 134
196 95
32 56
X
56 114
107 187
158 15
87 97
7 46
65 104
134 113
137 95
66 155
42 36
53 88
94 32
186 100
172 47
169 76
106 18
29 163
83 138
94 133
25 139
56 139
162 127
98 173
65 46
102 7
42 119
152 137
68 44
98 67
13 181
52 170
157 53
79 136
75 80
47 119
74 63
189 172
175 139
40 194
33 163
178 37
94 31
187 88
73 125
9 6
143 64
77 16
83 82
175 131
41 74
169 145
X
193 59
141 14
122 78
186 167
87 155
16 46
161 15
140 72
107 15
112 31
134 146
76 174
44 165
44 133
88 98
4 42
127 175
X
120 15
21 62
102 131
34 63
14 38
162 37
21 6
153 171
18 176
109 86
90 8
169 19
158 2
152 90
50 55
87 3
154 137
124 98
191 10
195 142
138 18
8 52
84 141
67 114
29 141
104 109
176 19
132 156
56 153
47 51
83 49
30 194
59 156
97 80
41 10
152 164
155 8
63 147
86 8
17 188
169 53
56 170
146 77
78 51
64 95
191 60
54 118
182 30
71 38
75 175
152 92
X
11 178
102 152
84 103
22 83
55 15
169 60
154 146
112 111
164 74
192 5
163 115
107 71
45 134
25 125
86 191
176 59
178 169
140 45
13 12
143 102
34 138
49 155
177 58
120 161
105 182
167 29
119 140
15 188
29 136
5 30
131 39
X
106 50
62 97
187 168
25 114
3 161
178 69
155 180
97 189
111 171
1 43
X
171 41
33 51
165 158
105 49
178 18
184 136
157 10
152 50
120 13
153 37
189 174
130 25
39 147
89 57
82 141
141 59
X
129 188
49 16
194 115
62 127
13 53
192 126
18 152
10 111
76 89
76 83
192 90
47 2
84 99
72 139
39 144
55 173
53 113
158 129
69 75
138 45
135 103
145 106
191 57
74 131
141 52
112 118
108 110
99 130
84 73
42 62
63 182
X
180 81
179 105
152 176
175 97
53 84
145 40
36 144
35 108
40 29
119 58
137 148
178 83
34 147
97 167
62 175
160 129
74 83
88 158
35 152
144 197
162 153
92 54
160 110
X
39 143
90 51
112 147
190 46
168 61
116 49
115 47
179 58
105 99
52 40
158 36
177 132
4 132
46 119
73 189
90 7
29 26
157 104
56 113
96 100
27 75
49 195
177 141
12 175
99 110
59 6
106 74
70 36
X
128 192
8 114
42 5
168 161
4 40
30 27
160 127
41 96
195 145
64 192
84 84
192 40
30 110
138 110
129 67
42 181
181 181
37 77
130 159
5 119
170 176
171 46
163 74
171 53
161 169
68 102
117 24
190 79
175 163
6 98
124 23
53 154
X
95 25
168 120
81 56
X
193 22
119 48
28 44
106 13
169 142
17 8
22 134
51 139
77 150
27 96
152 16
26 170
60 158
191 172
126 97
143 191
68 72
84 17
171 191
5 25
23 15
126 129
79 27
104 134
172 106
12 176
32 195
113 10
30 121
85 105
X
163 152
44 49
16 44
109 77
191 78
154 49
124 130
195 183
64 144
171 76
133 128
139 11
103 152
47 120
61 182
58 139
143 40
12 139
24 127
73 63
107 68
90 10
172 107
19 186
20 104
120 56
175 11
125 39
86 122
190 77
78 48
195 60
170 119
5 103
84 136
74 160
97 12
139 98
28 134
99 158
190 118
81 59
175 78
172 29
X
X
193 178
119 57
143 147
88 70
53 179
117 25
131 54
52 80
45 123
142 29
72 126
185 91
157 8
188 157
146 150
44 116
197 59
70 48
162 167
49 87
170 177
63 188
190 74
52 84
27 129
3 190
98 68
16 104
74 27
74 134
173 61
49 163
173 139
176 170
12 80
145 59
48 104
144 181
106 60
112 35
147 94
70 102
97 50
106 75
22 139
51 187
89 2
194 144
48 110
99 111
185 74
53 44
137 89
90 103
169 141
36 146
171 21
20 167
166 101
5 178
X
74 29
56 151
125 75
142 197
162 152
35 155
30 186
54 67
124 47
44 115
190 115
21 155
128 23
132 56
171 48
X
66 179
89 33
126 48
52 88
115 52
100 131
24 191
108 125
52 70
42 15
40 63
X
77 56
160 14
19 191
116 140
138 180
106 15
7 165
148 132
125 36
110 31
66 37
X
192 29
177 130
31 103
148 165
114 163
158 39
24 140
112 101
93 181
93 140
95 33
76 86
53 33
193 97
107 162
135 75
X
42 40
83 46
62 3
74 60
139 16
26 119
12 74
49 14
142 45
160 49
88 110
183 184
40 164
151 31
161 94
88 114
151 180
80 12
34 152
170 138
16 108
112 140
188 90
172 27
108 38
4 174
30 190
118 70
134 101
44 44
100 19
29 98
8 84
64 45
112 187
7 73
69 138
133 144
129 90
28 46
25 78
98 167
166 2
3 182
13 70
90 158
17 9
94 194
41 195
177 20
118 51
94 189
34 145
102 6
36 174
84 76
53 136
49 27
121 126
161 30
135 120
133 98
X
34 146
171 181
108 55
90 53
174 157
92 196
161 137
51 115
121 124
147 114
126 174
139 71
187 160
38 69
123 86
127 122
111 187
155 11
50 192
137 14
85 154
89 123
133 105
172 180
41 27
39 171
132 153
100 167
117 40
55 150
25 65
192 177
108 123
X
153 181
90 192
21 32
121 75
X
110 162
172 6
166 167
149 29
145 131
76 160
167 61
130 4
52 47
72 146
124 149
66 2
34 64
108 113
184 143
114 91
117 8
191 48
70 165
141 16
129 4
167 33
101 190
40 148
11 4
64 172
21 156
77 122
92 177
90 148
72 60
180 177
180 119
155 176
130 68
118 91
53 23
36 110
56 84
179 27
30 63
182 186
32 26
134 38
21 104
98 19
197 58
190 156
71 150
10 146
153 180
18 156
172 12
147 148
81 2
91 121
186 136
141 184
76 81
194 88
18 125
94 30
94 190
194 178
87 167
87 109
78 180
169 106
27 136
19 151
156 179
132 163
64 8
112 150
28 50
150 161
24 136
76 45
141 197
176 132
103 164
27 168
75 147
X
X
80 32
71 102
162 93
31 106
143 123
X
53 192
194 52
103 126
132 109
75 32
73 190
100 164
167 182
151 40
145 118
134 54
86 72
141 45
86 164
91 22
88 196
95 53
27 172
44 123
162 174
11 68
66 72
160 10
189 78
128 97
14 139
6 174
X
52 77
90 52
2 132
139 180
193 48
67 40
128 85
78 14
130 163
101 108
74 162
32 110
191 160
5 149
179 81
192 174
X
176 138
77 107
48 106
27 87
28 128
X
184 194
95 51
5 62
X
66 75
76 105
11 36
195 59
122 132
126 172
78 100
81 60
87 145
54 3
142 41
62 95
34 27
163 106
48 156
148 158
45 2
45 65
76 34
X
187 138
191 194
193 129
86 170
149 30
125 123
70 16
181 177
39 18
142 38
125 176
187 166
124 78
87 32
173 190
86 194
73 147
138 161
101 172
93 113
158 8
146 56
131 110
7 98
159 52
103 49
126 24
10 14
179 16
47 3
110 122
55 33
75 105
125 149
69 171
X
112 33
158 104
15 24
169 65
57 87
26 12
106 59
159 153
43 183
25 127
63 3
179 62
79 73
146 166
89 34
26 16
16 55
4 72
38 37
51 176
70 20
X
85 161
13 139
138 162
175 164
117 80
161 134
54 106
159 54
65 117
152 53
93 136
18 188
34 73
77 49
70 166
16 91
20 9
137 145
21 60
128 3
190 67
168 40
140 152
52 163
X
194 48
72 150
112 36
156 144
34 190
114 93
38 55
38 196
11 149
12 142
168 197
71 104
76 91
100 172
44 62
13 27
67 46
135 171
5 172
67 139
15 42
41 147
26 40
100 111
179 108
137 156
56 135
19 101
16 42
3 183
133 112
191 77
79 39
160 130
19 165
168 135
35 51
102 71
189 14
127 85
16 90
61 189
138 92
153 86
192 2
20 186
121 41
106 76
79 31
16 69
52 127
127 176
15 132
144 184
138 156
44 46
64 96
79 161
128 99
33 127
1 161
127 173
28 146
6 184
138 122
102 91
104 173
58 59
25 40
34 123
154 84
23 182
124 80
155 9
155 142
X
148 164
69 6
120 123
X
143 55
75 179
115 91
40 165
15 25
133 38
191 192
192 39
11 177
6 123
41 146
105 161
X
34 149
34 74
188 18
188 39
102 8
173 46
102 28
81 48
179 54
51 90
45 44
X
168 123
78 129
124 99
84 140
104 36
56 157
194 78
31 91
119 187
X
188 67
135 174
159 96
44 95
166 183
X
75 133
X
98 111
160 11
42 17
75 64
147 184
29 103
188 175
56 59
X
182 104
X
170 135
66 102
155 191
24 117
20 21
81 44
14 133
156 155
52 101
126 14
12 104
85 143
176 83
43 44
173 26
107 85
171 8
149 90
37 88
2 93
171 61
170 178
75 139
178 123
94 191
120 37
9 50
85 68
50 151
115 49
141 70
53 36
135 144
7 171
175 95
180 105
122 146
45 104
151 90
14 102
34 65
52 18
172 65
40 173
56 5
137 102
166 168
157 120
145 22
3 130
151 88
118 184
30 160
X
X
171 19
154 103
33 55
19 156
154 43
71 131
34 17
17 72
53 140
51 54
89 193
72 125
172 178
120 60
133 150
62 130
28 149
16 105
151 181
183 109
184 38
51 44
93 129
126 100
57 76
135 139
31 108
55 182
160 15
65 6
8 26
87 93
5 130
76 102
49 194
102 19
78 37
134 104
158 32
92 93
120 69
142 57
35 103
7 168
118 39
171 28
75 1
74 185
145 64
43 66
183 183
92 52
180 92
156 122
134 191
84 102
136 74
152 43
38 36
87 57
36 56
143 119
146 40
84 142
125 113
126 125
136 71
22 138
187 167
94 89
147 52
182 90
85 56
83 45
42 86
51 51
15 77
77 59
135 18
86 196
104 37
67 163
196 32
173 196
192 178
155 14
150 28
52 124
51 29
162 191
90 190
175 107
109 147
43 164
9 102
94 67
38 144
26 168
174 197
56 83
149 78
12 76
127 109
167 158
160 13
97 63
6 147
25 46
17 53
49 106
92 107
62 8
111 113
176 143
76 90
110 59
41 166
128 183
73 93
117 140
115 12
145 30
158 120
161 118
57 139
52 27
32 155
21 9
115 6
72 65
33 154
176 117
161 120
92 133
99 28
79 158
141 176
X
108 88
93 197
54 14
154 105
162 41
31 26
19 63
188 11
166 83
124 31
117 67
188 151
141 122
97 52
141 123
70 91
57 107
172 163
27 49
139 152
108 19
146 118
87 158
138 75
53 41
106 62
24 138
169 192
37 175
193 19
118 80
178 81
53 6
191 56
169 197
X
170 143
39 17
75 165
74 89
4 184
53 173
99 17
151 8
20 121
119 186
196 60
X
176 79
93 123
121 107
103 72
34 20
41 196
114 90
123 31
150 6
39 128
55 54
118 41
105 31
18 133
163 95
104 164
162 36
63 177
56 165
155 3
177 81
3 141
72 187
34 54
138 109
73 138
111 170
172 162
40 77
193 82
81 3
88 105
6 77
176 109
90 182
9 84
139 176
70 40
186 103
148 134
151 136
193 5
152 28
79 28
62 188
69 4
110 112
X
124 46
110 142
X
55 180
10 52
61 5
24 119
129 159
169 196
X
132 63
74 86
157 124
142 103
119 143
127 113
34 181
26 83
159 133
193 18
183 27
79 138
101 62
87 18
142 181
50 190
174 53
38 128
41 91
116 178
102 18
23 16
176 146
155 70
16 152
76 145
104 106
40 124
103 151
38 66
189 76
22 60
13 131
29 105
28 139
174 76
27 171
104 101
69 2
151 182
176 168
26 47
148 88
39 65
100 134
X
149 88
100 166
129 153
6 22
120 158
120 11
38 127
123 160
23 68
90 123
83 162
43 127
179 76
33 63
29 119
172 26
52 30
98 108
58 140
92 41
131 109
154 72
77 34
57 33
66 77
51 144
157 191
158 101
53 90
53 14
11 166
126 10
74 166
118 140
127 50
181 121
191 46
168 62
149 64
105 152
38 114
24 25
30 195
146 18
122 123
158 107
133 192
26 169
64 74
31 8
64 5
28 79
136 108
8 46
51 27
72 188
182 190
56 85
65 115
37 87
155 84
126 50
118 92
147 134
125 129
191 58
119 162
166 87
6 71
63 156
X
84 98
169 178
93 25
74 126
22 34
77 51
145 145
X
158 62
84 96
47 47
184 28
151 30
41 31
194 90
150 17
13 44
102 89
147 40
165 196
73 56
148 168
85 27
153 30
91 40
76 87
97 159
56 68
13 55
129 156
85 141
95 67
105 181
144 54
78 149
79 32
72 152
179 154
53 27
34 77
117 11
154 92
137 176
80 27
51 194
110 177
175 92
49 193
69 102
102 172
177 93
79 30
69 89
X
132 131
120 143
59 87
107 120
110 141
158 105
122 125
188 117
98 14
124 129
114 12
125 120
91 92
87 120
169 176
170 90
143 81
188 78
179 17
20 118
23 167
79 49
41 143
179 60
158 121
42 128
10 84
141 160
7 48
23 61
108 32
133 160
88 145
54 158
88 54
2 25
152 171
84 138
99 113
147 117
136 16
191 37
164 57
83 68
24 17
98 164
7 71
171 72
176 17
1 22
22 135
X
66 178
105 162
5 151
154 91
25 165
19 103
X
150 116
147 158
77 29
7 113
158 61
28 170
48 50
13 190
59 160
135 77
1 92
4 95
94 197
75 119
48 164
148 75
X
X
54 40
118 192
31 115
180 195
153 52
14 80
70 46
79 137
8 76
157 106
138 77
98 54
43 181
95 158
5 75
180 90
140 75
137 171
190 174
144 118
139 96
24 68
127 170
52 167
188 137
177 95
90 193
171 138
159 124
17 78
146 76
142 105
30 75
141 76
33 123
64 73
32 31
147 162
65 156
128 98
86 56
4 21
128 31
13 90
108 124
37 74
151 178
45 137
175 108
50 171
25 45
165 181
105 73
23 63
81 46
54 157
63 178
176 106
X
195 186
75 108
110 178
175 171
49 4
110 188
56 36
183 51
155 43
107 88
63 51
159 95
36 73
26 79
X
8 146
91 118
97 97
148 53
43 155
27 170
111 134
46 42
55 73
29 121
6 24
193 115
125 37
115 24
179 29
12 2
135 138
2 130
147 37
32 5
125 74
78 83
59 163
11 69
16 71
20 102
45 62
41 86
141 90
17 179
81 129
126 71
189 79
134 76
11 176
105 191
33 54
116 67
15 79
52 20
15 190
41 125
101 193
171 188
151 41
131 111
33 184
97 113
65 103
68 193
109 19
53 174
191 130
56 108
101 111
54 20
27 95
165 87
143 66
157 136
X
159 103
61 179
52 151
45 9
132 115
131 114
16 155
103 153
14 42
182 3
17 125
3 185
69 115
64 163
152 95
179 50
36 105
46 40
191 177
67 136
55 114
130 50
193 126
11 88
19 115
68 45
19 62
139 104
46 65
12 105
178 101
129 165
12 15
72 185
51 141
X
190 50
94 41
30 33
62 61
23 83
140 164
157 9
172 161
12 133
123 90
21 34
104 61
17 56
64 75
41 123
56 182
86 114
81 4
181 2
75 83
169 107
72 63
38 63
161 31
169 58
26 191
141 119
86 108
114 6
132 127
147 170
180 124
191 170
50 158
126 183
X
X
146 23
5 71
106 182
175 133
4 41
26 114
172 10
101 17
X
140 173
39 70
X
84 161
148 143
7 154
52 147
28 52
119 152
5 141
86 124
65 172
40 62
158 38
141 146
177 109
159 36
138 169
173 197
166 88
75 177
X
164 85
62 58
161 86
29 108
143 83
32 19
117 41
188 167
37 138
50 78
94 192
158 31
X
29 94
148 56
181 96
121 109
4 131
168 132
47 55
26 185
68 181
X
117 91
175 154
124 91
170 179
29 110
39 67
40 70
71 93
68 16
55 188
135 98
160 31
68 117
60 1
109 122
51 171
23 35
28 28
100 150
68 121
33 162
102 147
48 2
X
31 119
24 185
32 17
24 116
26 78
5 100
93 91
44 77
100 147
92 174
80 58
172 51
38 182
178 32
98 148
68 120
31 120
68 37
145 197
96 83
84 105
148 103
20 17
157 1
70 50
106 39
131 192
41 48
193 130
78 106
168 121
156 153
127 45
154 70
64 2
81 49
111 167
174 146
166 154
X
79 127
64 177
74 100
152 49
173 142
164 172
17 121
143 67
28 43
189 115
70 106
130 71
138 105
122 10
109 131
126 170
176 62
88 56
133 42
27 134
129 47
100 5
106 73
189 19
38 68
124 60
180 154
33 125
189 22
183 30
37 76
112 188
105 190
111 75
112 38
60 62
X
129 183
45 133
41 98
110 160
178 35
109 148
28 150
132 168
99 25
69 7
168 72
159 120
169 181
109 15
62 31
130 52
140 183
23 184
90 196
7 52
93 112
31 95
4 26
X
191 89
36 107
163 116
57 191
140 184
61 58
161 172
195 57
140 83
55 67
134 170
93 84
169 121
24 47
60 59
182 109
9 101
67 102
X
X
X
178 124
152 51
76 31
112 190
X
146 21
165 6
25 121
182 2
82 138
166 102
51 150
113 147
100 28
125 97
123 133
196 97
67 132
59 7
167 188
46 2
15 26
194 2
32 49
126 3
112 134
114 95
172 33
78 147
174 138
113 150
123 176
103 161
105 58
141 82
103 150
93 80
28 147
165 194
33 181
47 104
158 18
37 51
120 145
70 3
110 132
69 72
110 138
X
29 188
80 36
172 109
111 76
174 31
192 35
30 150
X
53 150
55 3
56 20
116 8
193 186
62 60
148 160
126 68
88 170
104 123
96 64
65 75
58 134
132 129
38 62
123 174
54 113
6 60
24 129
143 146
130 191
178 62
160 169
27 138
22 63
177 197
96 81
97 16
134 74
171 106
193 60
142 94
157 69
138 96
X
56 60
183 25
X
72 64
35 135
188 106
57 118
103 99
25 148
25 181
48 10
91 25
9 46
106 123
102 60
88 120
29 138
188 13
70 57
179 71
97 82
36 17
175 170
149 89
5 123
112 112
70 6
127 89
178 39
152 20
163 107
140 70
128 188
36 106
61 147
187 90
169 49
95 139
128 39
25 66
101 27
72 135
8 59
107 70
20 187
155 101
143 190
42 44
87 194
68 179
13 177
105 26
X
53 29
193 183
161 83
114 24
54 55
117 162
10 147
61 130
120 41
169 189
136 72
128 84
96 164
X
167 100
122 74
X
194 87
11 76
7 10
56 195
9 130
23 86
186 105
68 177
61 13
32 125
86 121
80 60
159 33
187 104
36 104
23 40
17 47
29 161
16 68
17 174
118 194
86 9
42 183
30 170
181 194
57 79
23 192
116 51
88 10
68 168
135 9
83 4
30 163
44 182
133 56
X
173 62
118 67
142 52
54 78
105 36
108 127
15 72
85 33
150 169
188 36
136 119
51 158
167 32
135 173
190 47
8 71
41 156
25 52
4 163
16 89
156 194
51 23
124 56
190 119
10 165
154 56
105 61
9 4
141 147
139 184
28 127
39 116
120 104
36 20
78 151
107 58
152 165
87 146
66 17
189 178
81 54
34 148
37 49
194 86
170 183
2 21
30 5
168 74
114 10
19 60
122 133
63 129
88 190
57 22
119 163
33 66
27 74
69 105
137 149
87 7
113 26
191 21
8 77
93 83
161 116
131 159
90 183
25 169
166 159
136 129
126 46
126 31
160 190
178 120
124 132
112 32
63 172
107 192
56 192
97 157
126 121
98 5
84 75
191 179
34 107
179 32
53 54
195 119
177 70
X
56 120
42 158
X
138 170
26 87
18 116
100 15
98 172
X
100 173
189 80
36 50
121 143
48 165
84 101
67 133
55 139
85 84
92 139
96 156
186 67
121 104
120 39
143 54
85 137
X
77 12
184 142
X
68 176
184 137
177 83
38 53
26 181
73 151
135 72
73 191
136 146
31 125
113 6
190 116
153 84
58 61
15 115
87 125
78 161
156 123
121 121
74 98
127 13
24 141
22 104
36 181
104 68
101 149
134 24
176 118
103 88
120 163
92 112
55 70
72 59
X
143 145
160 33
182 179
51 135
159 94
65 102
173 192
175 197
130 24
87 189
X
182 93
69 40
152 133
99 19
169 50
98 30
104 172
X
X
2 176
56 118
183 105
26 194
170 110
X
147 57
103 149
24 195
40 87
162 40
26 123
76 150
187 165
11 10
188 118
94 43
109 84
195 113
110 169
192 158
73 148
197 182
39 15
130 30
132 192
66 35
112 175
65 121
157 3
14 128
29 116
55 179
184 192
167 3
5 60
77 120
128 2
71 8
38 50
116 177
35 77
128 154
118 95
56 88
166 103
94 22
17 119
25 123
145 19
155 42
168 133
167 192
15 106
104 107
X
121 187
91 182
34 124
180 48
137 144
46 37
132 126
122 130
180 50
159 38
52 168
21 26
88 8
4 153
57 181
42 155
140 160
88 104
41 70
76 185
161 95
157 144
41 183
190 102
166 161
23 185
86 27
X
175 76
118 193
24 18
154 104
14 48
141 41
6 138
4 148
136 73
171 33
160 194
110 189
X
X
49 158
170 21
177 108
13 76
54 171
15 176
175 91
13 15
42 116
194 95
44 161
171 20
178 157
32 123
98 33
124 70
120 130
65 106
X
X
157 70
147 89
195 130
X
120 131
140 180
152 18
61 181
51 124
132 165
X
173 33
53 194
83 86
192 189
161 21
105 64
167 179
55 40
34 106
170 72
157 68
38 194
187 141
167 183
165 60
57 119
118 85
192 183
91 62
150 76
91 177
21 100
58 62
20 166
27 173
84 81
64 116
55 52
146 144
16 27
45 36
123 171
147 93
155 194
90 101
75 98
X
181 190
168 76
X
76 107
70 125
28 26
87 2
4 162
117 42
37 181
127 100
121 162
28 136
119 28
52 135
150 20
44 135
65 180
171 9
33 95
152 17
104 92
101 60
55 41
140 91
91 129
122 12
4 139
117 7
19 9
118 37
38 39
77 55
145 33
32 89
141 55
74 139
12 154
69 50
31 107
120 144
154 82
158 49
51 140
159 169
177 27
X
188 154
55 47
33 88
189 167
123 161
88 9
102 72
X
52 187
X
28 148
149 67
20 32
103 143
14 129
4 39
49 7
192 142
1 91
157 101
10 26
X
X
173 18
6 133
188 22
122 124
50 44
130 183
117 70
143 36
78 46
181 118
24 81
24 115
127 35
50 127
7 112
152 184
173 189
165 77
136 144
50 84
32 163
130 69
155 13
80 14
120 187
165 76
164 2
88 189
57 77
5 191
52 150
179 18
110 163
25 134
24 124
45 106
5 98
156 124
4 190
X
55 146
188 66
193 46
42 123
61 180
44 43
112 122
181 196
120 126
141 10
147 75
42 43
105 27
145 29
15 89
48 167
1 163
126 84
43 166
107 123
70 60
194 97
37 169
97 111
88 112
147 159
71 147
84 164
171 120
X
X
150 160
X
152 56
180 83
X
141 72
6 104
151 29
78 81
42 10
20 148
13 89
41 142
X
91 133
86 68
91 110
51 43
41 44
163 117
130 70
X
105 180
44 74
187 22
98 88
X
164 115
27 73
29 146
65 71
13 142
191 88
78 98
141 145
121 145
182 94
13 47
46 67
52 117
102 70
30 105
42 74
125 67
171 18
44 96
129 65
132 191
120 149
6 26
51 167
X
189 160
154 94
123 110
108 171
49 18
36 55
191 22
73 185
83 74
12 179
136 141
88 4
3 95
187 156
172 142
160 51
167 91
144 29
144 41
49 153
14 108
89 59
118 68
54 136
126 99
46 66
188 152
110 147
178 154
X
53 180
100 176
193 2
54 44
103 158
75 131
38 29
21 153
60 86
74 33
31 105
164 86
90 43
40 162
31 155
145 36
7 25
70 72
X
107 181
51 14
85 155
34 187
4 94
86 154
168 65
26 165
50 88
X
72 56
164 155
179 183
121 184
30 73
53 187
124 121
180 5
87 58
163 174
117 89
53 124
100 149
51 163
176 20
7 87
5 29
100 151
10 27
194 93
111 34
34 125
31 127
190 171
125 86
180 155
X
77 189
122 154
87 82
12 102
171 26
90 180
172 138
14 116
67 116
136 109
65 1
89 154
X
43 70
104 47
23 9
149 75
150 19
75 109
12 69
120 184
36 18
6 154
171 12
27 51
13 40
83 77
122 126
63 162
50 79
141 91
96 167
77 188
32 64
8 15
178 60
6 50
194 49
42 166
186 141
177 32
170 89
103 127
56 169
159 74
173 195
110 111
119 193
169 29
4 137
112 131
118 47
140 80
189 192
25 149
103 142
85 59
113 98
192 13
43 98
103 97
22 140
36 103
195 2
124 170
96 166
9 103
178 78
81 86
169 100
74 59
107 60
193 146
85 95
103 160
180 158
44 124
49 166
43 3
133 58
46 85
121 59
28 168
148 90
13 24
165 172
76 5
24 165
101 195
184 27
55 42
98 113
138 112
1 23
92 40
87 68
165 88
72 190
122 14
160 61
97 81
193 175
132 100
143 96
133 115
106 179
39 44
181 90
X
105 34
177 142
127 123
97 107
81 128
192 159
62 143
98 90
104 132
178 27
128 67
141 180
109 132
23 34
X
113 101
6 23
123 60
88 27
178 72
49 192
174 27
143 33
193 86
X
109 118
189 65
52 79
76 161
23 12
188 12
93 89
147 150
189 142
126 37
103 25
128 179
152 21
89 105
137 9
63 95
27 97
31 174
67 34
93 138
32 171
17 52
119 184
23 21
59 1
38 38
182 177
94 132
69 71
53 104
120 195
151 165
160 60
169 119
171 38
74 80
144 105
176 194
56 70
56 168
15 76
69 5
28 72
86 192
5 26
160 21
48 55
38 49
149 31
109 157
89 176
56 87
146 130
76 92
5 154
43 82
61 144
97 84
190 166
177 78
X
10 28
95 14
91 23
128 4
27 119
184 141
61 155
164 160
27 140
33 192
174 77
130 23
22 26
82 88
64 180
100 195
160 8
23 6
157 12
X
28 15
162 38
176 95
126 124
41 179
129 51
120 193
X
75 7
73 88
9 88
7 111
134 71
145 150
70 86
49 191
182 50
106 127
156 72
83 90
52 166
69 73
30 66
79 177
54 52
142 83
150 117
133 103
179 119
154 135
40 31
118 86
124 180
24 27
90 154
56 167
73 162
186 68
54 68
143 39
16 67
138 182
97 112
154 144
148 54
147 38
44 75
22 9
164 161
40 112
86 125
10 113
54 32
48 166
88 149
55 36
134 72
79 125
98 100
X
169 102
178 58
193 144
116 10
108 111
36 172
17 169
105 47
X
44 180
53 100
169 191
81 126
87 59
112 176
152 54
132 104
41 88
103 124
83 81
71 139
57 182
141 40
61 129
106 124
35 184
59 161
102 107
64 31
143 106
101 19
X
97 110
162 78
160 133
130 3
191 4
143 29
16 154
166 178
150 16
8 12
7 11
190 75
106 61
162 169
31 123
124 86
192 156
75 150
148 149
X
X
187 171
174 155
49 54
68 116
159 157
193 113
97 33
64 93
166 56
69 121
186 66
110 98
182 25
51 50
4 152
171 139
78 58
117 6
112 34
X
98 165
117 38
66 1
121 194
87 34
63 93
62 35
X
183 178
118 83
133 132
127 67
4 161
145 188
138 16
96 97
88 99
192 9
141 194
54 102
54 5
65 49
13 43
44 86
156 5
55 175
179 109
142 40
137 103
X
164 158
30 94
72 194
46 106
108 126
26 53
87 83
59 58
183 48
53 15
67 33
146 122
40 128
118 191
176 16
46 41
31 97
95 62
4 149
89 149
66 36
139 102
145 130
188 114
52 24
79 4
146 105
14 76
1 176
158 135
135 150
51 173
126 113
24 46
14 93
93 194
62 182
148 95
38 91
70 190
168 28
42 133
87 33
64 14
36 175
161 127
94 92
63 115
55 168
165 169
65 36
153 179
64 121
59 130
111 101
187 102
131 55
20 36
30 146
84 27
34 184
8 149
94 93
143 57
33 96
114 84
66 15
16 103
140 12
9 2
86 104
12 38
133 140
60 155
37 171
64 7
12 5
30 103
X
137 15
50 18
12 148
120 129
64 51
118 69
41 2
42 39
158 127
129 50
166 155
117 144
92 109
5 173
57 78
28 124
X
61 4
43 48
106 14
33 103
110 85
54 115
80 142
78 119
90 112
15 193
38 112
17 43
X
159 93
140 181
2 194
96 85
169 62
91 197
11 91
192 31
12 141
169 183
189 165
X
38 192
193 29
12 4
160 20
156 105
172 179
195 128
87 84
172 41
28 123
163 94
148 18
142 39
87 30
116 80
60 84
78 102
121 38
118 195
63 8
123 121
154 142
85 73
18 123
67 171
50 187
121 40
161 174
31 6
51 33
85 58
183 49
24 181
168 160
105 189
136 70
33 187
1 162
81 88
92 89
55 194
182 122
83 70
108 121
167 27
125 124
38 65
75 34
81 28
4 165
123 74
154 93
X
10 51
79 75
156 121
59 62
39 112
77 32
31 149
131 57
55 155
25 136
23 193
51 127
180 94
28 74
X
X
95 99
5 193
72 91
55 136
136 76
112 119
194 79
35 153
102 24
6 186
130 188
182 118
104 112
76 27
29 186
52 114
23 33
41 46
53 118
71 92
129 23
13 36
159 173
102 98
13 178
48 52
24 137
52 136
109 190
46 39
148 102
X
166 152
179 80
91 112
127 111
17 51
27 76
137 72
X
139 99
91 130
121 80
124 182
127 119
57 193
34 104
183 102
170 41
89 112
110 14
68 35
84 21
184 139
76 47
142 145
49 42
175 7
41 155
188 172
86 119
54 36
143 143
127 9
171 192
136 167
29 114
14 72
108 72
23 65
89 51
30 46
87 114
54 104
194 29
179 20
170 108
143 94
23 181
65 162
6 47
51 188
81 87
119 56
91 54
71 151
79 33
128 182
147 183
93 66
136 111
141 54
46 110
26 183
5 176
150 182
61 6
183 194
165 78
159 191
64 97
98 133
121 141
86 123
34 31
141 77
181 192
40 88
114 176
190 167
14 176
169 61
125 78
92 173
72 86
43 122
117 47
104 176
146 55
94 130
103 130
68 58
177 29
171 110
121 60
170 180
32 172
24 135
84 90
36 108
44 114
6 100
116 179
172 164
98 17
117 84
159 172
42 90
116 69
74 58
60 160
83 44
181 183
114 165
16 57
119 166
97 14
104 127
170 61
43 36
44 183
61 178
38 52
141 96
149 91
190 105
65 47
172 48
14 187
13 189
127 110
169 109
117 28
188 9
99 14
21 85
46 10
31 162
75 136
54 124
20 150
55 49
17 68
127 14
188 178
23 147
191 14
192 192
136 110
86 112
181 48
28 53
17 115
104 159
17 79
184 29
11 14
24 147
123 152
191 156
162 20
100 153
192 195
86 99
94 25
182 136
1 21
17 165
35 73
111 191
89 175
127 112
45 155
97 85
122 30
153 135
148 167
15 137
125 146
43 86
108 86
38 116
125 13
150 159
78 50
54 69
42 112
3 165
153 133
15 102
99 159
86 19
128 156
36 170
23 66
59 159
66 38
87 10
116 167
61 2
109 162
118 159
98 89
178 132
30 119
109 149
127 47
29 72
180 181
53 67
116 70
41 82
174 51
34 75
104 88
68 75
189 170
30 8
30 30
44 112
14 137
103 172
87 161
15 74
32 66
116 6
20 115
18 72
25 50
25 17
132 65
161 194
123 84
137 24
121 37
61 191
132 54
33 26
157 142
30 192
94 83
5 177
76 36
133 138
38 70
12 88
122 27
97 195
33 33
78 128
40 43
127 12
188 77
106 190
1 164
87 17
174 6
141 149
33 27
72 128
196 31
141 53
155 105
11 181
78 82
78 157
170 40
133 171
193 52
146 54
5 104
2 43
17 24
26 81
147 21
40 175
55 115
133 113
27 121
67 36
152 179
76 38
27 16
16 74
8 117
189 102
34 137
103 148
88 28
193 95
161 173
40 163
22 136
157 63
132 101
151 133
168 104
110 175
177 134
66 163
170 46
30 64
20 34
145 189
127 125
90 168
15 93
91 93
126 30
131 51
147 160
100 6
40 44
61 8
20 191
3 177
52 113
169 33
120 12
166 197
32 105
166 82
22 65
101 88
90 120
149 181
152 85
106 16
55 103
27 72
134 18
24 125
114 82
135 105
43 10
138 167
170 181
150 78
29 171
110 187
24 169
44 2
194 130
169 91
154 69
162 18
118 106
92 22
172 182
181 39
123 109
104 90
156 178
130 26
80 138
30 89
36 51
28 166
189 81
191 3
53 167
190 126
95 98
44 48
67 75
167 196
55 158
162 14
65 155
180 101
156 54
11 132
181 81
112 191
87 170
151 179
32 28
22 21
111 148
133 167
67 119
158 157
136 100
163 86
178 134
188 136
28 165
72 191
86 30
83 69
16 153
126 98
80 1
185 92
1 165
156 50
17 176
193 56
141 58
142 148
124 174
33 32
42 88
147 106
190 192
78 101
95 50
9 14
65 105
50 86
168 183
13 106
162 110
110 150
51 17
55 153
24 26
188 155
193 179
74 2
2 179
120 162
155 146
43 96
5 179
122 84
51 145
168 64
97 99
28 119
59 2
175 101
79 14
33 87
180 4
106 58
40 17
143 149
134 40
167 104
102 149
154 39
179 101
20 192
40 113
64 147
164 153
49 9
170 62
184 26
63 49
11 146
115 82
127 37
146 102
10 141
29 134
65 20
118 108
181 82
25 47
95 12
185 166
135 167
5 102
87 21
20 156
67 156
120 125
191 82
124 30
39 194
92 129
178 105
33 183
93 120
69 87
194 126
131 56
29 117
27 141
138 43
54 127
41 94
111 39
27 174
98 132
90 181
144 68
173 64
161 115
25 183
107 191
108 162
190 169
84 139
68 106
178 119
20 60
47 52
181 35
61 62
123 145
42 91
18 136
177 195
191 189
122 122
190 103
18 9
133 139
31 104
177 97
170 132
160 189
169 72
69 169
195 144
48 150
102 64
3 192
29 8
120 68
146 164
44 63
42 94
173 191
136 15
89 174
8 122
177 92
1 42
71 7
136 121
147 78
138 23
105 123
119 164
105 24
110 16
164 152
134 103
50 124
167 59
32 18
114 94
189 82
4 141
33 89
15 67
186 92
172 177
85 17
65 116
144 52
189 10
148 118
14 46
132 167
85 72
107 127
71 76
25 87
134 55
180 27
33 20
2 91
78 39
69 90
136 138
65 163
179 95
56 4
140 94
184 31
154 88
103 154
189 41
132 62
12 84
102 133
25 116
158 106
54 144
190 8
82 1
40 75
71 86
48 155
100 130
105 100
1 177
7 86
16 133
24 128
49 90
160 42
108 13
21 61
88 95
129 62
63 175
147 59
127 179
26 192
141 94
41 66
114 81
64 6
149 158
138 114
55 116
156 3
48 157
37 139
56 69
48 152
169 195
53 28
65 119
13 48
118 93
105 28
183 101
182 28
30 31
93 182
91 91
31 117
16 102
177 69
73 149
117 43
12 140
189 114
7 172
189 156
149 160
108 159
75 88
178 2
138 24
70 2
184 138
41 28
32 33
96 62
144 145
108 169
117 185
140 177
88 1
30 65
119 161
194 81
110 134
190 160
122 113
42 137
8 121
98 130
186 143
174 78
190 76
189 37
118 94
74 88
84 77
100 108
71 70
85 158
91 109
37 75
88 93
151 135
125 8
197 56
156 52
43 160
13 69
175 12
56 154
149 7
23 169
8 14
41 124
20 123
64 168
174 33
83 47
74 90
144 39
191 12
49 107
66 39
79 175
69 91
122 149
51 15
183 151
29 174
50 14
103 144
177 31
21 65
50 170
93 180
108 35
110 86
20 147
19 152
159 77
182 26
69 190
166 100
87 148
136 130
182 95
137 153
74 92
12 128
76 119
56 61
132 102
110 38
153 57
18 137
92 68
4 182
144 40
75 100
111 142
167 102
147 145
167 176
54 191
192 37
69 139
166 176
81 127
190 117
56 138
128 155
134 144
93 40
92 123
119 53
125 45
14 51
101 24
34 135
128 64
196 56
5 77
41 144
7 150
97 158
130 165
197 183
160 124
57 23
65 18
110 171
153 88
106 122
158 133
91 123
173 164
179 124
111 169
179 78
5 61
117 164
53 147
127 121
178 26
61 7
77 185
88 96
190 130
19 20
67 175
33 8
186 101
102 111
31 114
175 146
121 153
25 119
4 194
96 65
109 101
119 144
78 176
169 26
161 40
78 12
132 42
90 170
124 172
143 194
76 149
196 29
194 189
51 75
69 114
38 54
175 106
52 116
79 160
142 96
78 125
116 175
134 141
107 159
3 138
64 46
187 19
69 92
103 101
125 9
102 130
43 179
68 131
57 34
13 79
101 194
123 149
143 196
5 146
52 100
164 87
111 185
42 46
188 115
96 31
145 120
17 45
99 27
13 42
27 86
16 118
58 136
79 176
109 39
33 110
137 100
75 132
31 121
88 72
163 167
76 50
43 157
28 126
197 179
184 25
111 36
152 83
88 51
32 173
116 86
107 188
66 46
158 109
183 52
132 40
68 190
24 80
123 124
20 117
42 134
188 174
80 34
177 101
76 30
31 98
113 142
170 188
81 138
32 190
97 17
49 190
138 168
53 48
12 6
4 171
151 38
167 48
31 148
55 118
37 185
191 127
32 65
36 52
195 146
189 118
162 189
176 77
50 163
174 194
164 167
76 51
133 162
142 89
157 155
94 33
194 5
42 115
129 161
106 159
36 19
139 73
101 13
15 80
169 87
98 12
90 149
93 93
113 148
124 24
141 42
76 29
165 75
138 123
87 154
124 90
183 54
35 149
41 85
159 102
27 83
175 83
10 29
166 170
5 28
112 37
5 137
60 6
180 95
190 22
44 158
10 139
110 110
103 181
116 24
146 64
176 104
196 179
40 147
138 120
184 39
180 109
72 3
117 187
167 5
9 5
101 147
119 59
118 161
116 95
26 136
88 124
13 67
78 34
53 55
74 102
65 15
145 31
92 124
53 40
121 56
26 116
147 90
19 100
168 59
122 24
2 95
70 131
33 190
89 177
167 47
126 52
97 109
136 128
11 90
50 90
97 164
162 13
55 102
163 110
145 133
133 54
96 18
55 176
59 157
182 137
158 128
70 88
190 82
60 89
28 51
17 25
67 31
146 103
186 151
69 20
13 187
22 102
46 63
62 34
162 9
138 14
191 5
98 131
195 189
5 99
102 109
196 94
173 51
187 155
13 108
28 167
178 38
45 119
116 142
162 10
93 111
39 169
53 20
148 185
7 166
145 194
31 126
175 132
23 139
61 3
13 104
150 162
150 18
34 108
17 48
6 117
85 156
47 122
7 114
44 164
184 30
95 136
82 77
16 176
139 77
119 185
107 73
139 160
71 166
8 119
57 180
58 137
153 176
195 93
104 60
126 26
76 178
30 90
117 86
95 22
102 110
66 119
74 6
65 114
115 80
161 74
118 104
92 131
73 131
166 133
160 172
167 132
125 56
192 157
175 138
30 174
42 2
172 8
101 25
137 167
149 9
95 157
103 134
23 87
91 175
108 112
11 175
168 192
26 129
152 84
132 64
141 80
186 165
64 120
137 10
42 85
3 174
166 132
76 80
155 37
22 24
49 41
161 130
110 159
123 158
40 160
96 52
100 8
29 169
115 93
52 118
41 9
94 138
45 70
106 186
191 195
82 136
170 141
115 89
26 134
63 97
156 101
78 148
146 188
13 14
78 97
158 191
93 124
144 36
55 44
155 40
26 182
42 89
49 105
89 157
57 195
64 182
180 69
123 28
167 2
21 25
62 155
49 108
193 177
53 75
63 181
17 6
165 152
159 75
147 185
2 165
39 27
30 114
102 154
64 11
65 34
98 175
160 96
9 129
17 46
172 21
176 60
118 158
123 80
27 165
44 69
141 73
169 104
176 101
70 139
76 122
162 128
145 148
40 192
106 51
165 183
115 84
147 119
19 21
133 188
67 106
4 179
98 97
134 150
24 16
101 152
53 144
184 36
33 97
182 54
94 136
166 160
9 167
146 59
185 88
157 13
42 122
153 137
119 165
71 5
177 158
60 130
87 123
181 185
168 73
179 49
129 52
165 195
109 150
31 161
121 151
136 90
90 40
147 68
119 60
93 81
148 130
69 172
118 187
142 32
137 147
77 60
169 31
13 180
68 48
91 90
44 97
86 110
94 140
147 8
113 25
118 160
143 56
188 116
41 148
45 3
54 176
87 108
162 8
32 20
74 190
82 143
175 196
195 188
104 148
4 150
11 179
165 182
26 115
108 190
92 136
119 52
92 25
46 6
183 122
1 178
90 175
118 107
147 65
99 156
150 166
138 90
128 1
161 139
178 3
104 64
134 41
89 197
11 87
55 51
152 180
162 193
64 188
13 134
63 190
2 161
